1 5.424391418993473 -6.484391418993473
2 5.424391418993473 -6.484391418993473
3 5.424391418993473 -6.484391418993473
4 5.424391418993473 -6.484391418993473
5 5.424391418993473 -6.484391418993473
6 5.424391418993473 -6.484391418993473
7 5.424391418993473 -6.484391418993473
8 5.424391418993473 -6.484391418993473
9 5.424391418993473 -6.484391418993473
10 5.423141418993473 -6.4831414189934735
11 5.421891418993473 -6.481891418993474
12 5.420641418993473 -6.480641418993473
13 5.4191885586579644 -6.479188558657964
14 5.4175218919912975 -6.477521891991297
15 5.415855225324631 -6.47585522532463
16 5.414188829093135 -6.474188829093134
17 5.412522717889027 -6.472522717889027
18 5.41085660668492 -6.47085660668492
19 5.4087853384017945 -6.468785338401794
20 5.406285338401795 -6.466285338401795
21 5.403785945385105 -6.463785945385105
22 5.4012871946699095 -6.461287194669909
23 5.3987878382205965 -6.458787838220596
24 5.396287838220596 -6.456287838220597
25 5.392575676441192 -6.452575676441192
26 5.388788443954712 -6.4487884439547125
27 5.386289693239516 -6.446289693239517
28 5.383790338039398 -6.443790338039398
29 5.381290338039398 -6.441290338039399
30 5.3775806760787965 -6.437580676078796
31 5.372580676078797 -6.432580676078796
32 5.368790338039398 -6.428790338039398
33 5.3662903380393985 -6.426290338039398
34 5.362580676078797 -6.4225806760787965
35 5.357580676078797 -6.417580676078797
36 5.352580676078796 -6.412580676078797
37 5.347580676078796 -6.407580676078797
38 5.342580676078796 -6.402580676078797
39 5.3375806760787965 -6.397580676078796
40 5.332580676078797 -6.392580676078796
41 5.327580676078797 -6.387580676078796
42 5.322580676078797 -6.382580676078796
43 5.317580676078797 -6.3775806760787965
44 5.312580676078796 -6.372580676078797
45 5.307580676078796 -6.367580676078797
46 5.302580676078796 -6.362580676078797
47 5.2975806760787965 -6.357580676078797
48 5.292580676078797 -6.352580676078796
49 5.285161352157593 -6.345161352157593
50 5.277580676078797 -6.3375806760787965
51 5.272580676078796 -6.332580676078797
52 5.267580676078796 -6.327580676078797
53 5.260161352157593 -6.3201613521575934
54 5.2525806760787965 -6.312580676078796
55 5.247580676078797 -6.307580676078796
56 5.242580676078797 -6.300161352157593
57 5.2351613521575935 -6.292580676078797
58 5.227580676078796 -6.285161352157593
59 5.222580676078796 -6.277580676078797
60 5.215161352157593 -6.270161352157593
61 5.20758309281081 -6.26258309281081
62 5.202583259150715 -6.257583259150715
63 5.1951613521575934 -6.250161352157593
64 5.187580676078796 -6.242580676078797
65 5.180161352157593 -6.2351613521575935
66 5.170161352157593 -6.227580676078796
67 5.162580676078797 -6.220161352157593
68 5.155161352157593 -6.2125806760787965
69 5.147580676078796 -6.205161352157593
70 5.140166185621619 -6.19758309281081
71 5.132583259150715 -6.192583259150715
72 5.125161352157593 -6.185161352157593
73 5.11516618562162 -6.175166185621619
74 5.1075856757164 -6.1675856757164
75 5.100166518301429 -6.160166518301429
76 5.090161352157593 -6.150161352157593
77 5.082580676078797 -6.142580676078796
78 5.07516618562162 -6.135166185621619
79 5.065166518301429 -6.1251665183014286
80 5.055161352157593 -6.115161352157593
81 5.04758309281081 -6.107583092810811
82 5.0401713514328 -6.100171351432801
83 5.0301713514328 -6.0901713514328
84 5.020171351432801 -6.0801713514328
85 5.0125856757164 -6.0725856757164
86 5.0051713514328 -6.0651713514328005
87 4.9951713514328 -6.0551713514328
88 4.9851713514328 -6.0451713514328
89 4.975171351432801 -6.0351713514328
90 4.9675856757164 -6.0275856757164
91 4.9601713514328 -6.020171351432801
92 4.9501713514328 -6.0101713514328
93 4.9401713514328005 -6.0001713514328
94 4.9301713514328 -5.9901713514328
95 4.9201713514328 -5.9801713514328005
96 4.9101713514328 -5.9701713514328
97 4.900176176057205 -5.960176176057205
98 4.890181353092193 -5.950181353092193
99 4.880181353092193 -5.940181353092194
100 4.872590676546097 -5.930181353092193
101 4.8651813530921935 -5.920181353092193
102 4.855181353092194 -5.910181353092193
103 4.845181353092193 -5.900181353092194
104 4.835181353092193 -5.890181353092193
105 4.825181353092193 -5.880181353092193
106 4.815181353092194 -5.870181353092193
107 4.805181353092193 -5.860181353092194
108 4.795181353092193 -5.850181353092194
109 4.785181353092193 -5.840181353092193
110 4.775181353092194 -5.830181353092193
111 4.765181353092193 -5.8201813530921935
112 4.755181353092193 -5.810181353092194
113 4.745181353092193 -5.800181353092193
114 4.735181353092194 -5.790181353092193
115 4.7227864556812635 -5.777786455681263
116 4.710196548539298 -5.765196548539298
117 4.700191352367401 -5.755191352367401
118 4.690196155863359 -5.745196155863359
119 4.680196548539298 -5.735196548539299
120 4.670191352367401 -5.725191352367402
121 4.660191352367401 -5.715191352367401
122 4.650191352367401 -5.705191352367401
123 4.640191352367401 -5.695191352367401
124 4.630191352367401 -5.685191352367402
125 4.617794233795038 -5.672794233795038
126 4.605196548539299 -5.660196548539298
127 4.595196155863358 -5.650196155863359
128 4.585201351642609 -5.640201351642609
129 4.575206146291806 -5.630206146291806
130 4.565211353302002 -5.620211353302002
131 4.555211353302002 -5.610211353302002
132 4.542817029953003 -5.597817029953003
133 4.530211353302002 -5.585211353302002
134 4.520211353302002 -5.575211353302002
135 4.510211353302002 -5.565211353302002
136 4.500211353302002 -5.555211353302002
137 4.490211353302002 -5.545211353302002
138 4.477817029953003 -5.532817029953003
139 4.465211353302002 -5.520211353302002
140 4.455211353302002 -5.510211353302002
141 4.445211353302002 -5.500211353302002
142 4.435211353302002 -5.490211353302002
143 4.425211353302002 -5.480211353302002
144 4.412817029953003 -5.467817029953003
145 4.4002113533020015 -5.455211353302002
146 4.390211353302002 -5.445211353302002
147 4.380211353302002 -5.435211353302002
148 4.370211353302002 -5.425211353302002
149 4.360211353302002 -5.415211353302002
150 4.350211353302002 -5.405211353302002
151 4.337817029953003 -5.392817029953003
152 4.325211353302002 -5.380211353302002
153 4.315211353302002 -5.370211353302002
154 4.305211353302002 -5.360211353302002
155 4.295211353302002 -5.350211353302002
156 4.285211353302002 -5.340211353302002
157 4.272817029953003 -5.327817029953003
158 4.260211353302002 -5.315211353302002
159 4.250211353302002 -5.305211353302002
160 4.240211353302002 -5.295211353302002
161 4.230211353302002 -5.285211353302002
162 4.220211353302002 -5.2752113533020015
163 4.210211353302002 -5.265211353302002
164 4.197817029953003 -5.252817029953003
165 4.185211353302002 -5.240211353302002
166 4.175211353302002 -5.230211353302002
167 4.165216136818453 -5.220216136818452
168 4.155216569493403 -5.210216569493403
169 4.145211353302002 -5.200211353302002
170 4.135216136818452 -5.190216136818453
171 4.125216569493403 -5.180216569493402
172 4.115216136818453 -5.1702161368184525
173 4.105221352577209 -5.16022135257721
174 4.09522135257721 -5.150221352577209
175 4.08522135257721 -5.14022135257721
176 4.072832028865815 -5.127832028865814
177 4.0602213525772095 -5.11522135257721
178 4.05022135257721 -5.105221352577209
179 4.04022135257721 -5.09522135257721
180 4.03022135257721 -5.08522135257721
181 4.0202213525772095 -5.07522135257721
182 4.01022135257721 -5.065221352577209
183 4.00022135257721 -5.05522135257721
184 3.9902213525772097 -5.04522135257721
185 3.9802213525772094 -5.03522135257721
186 3.9702213525772097 -5.025221352577209
187 3.9602213525772094 -5.01522135257721
188 3.9502213525772096 -5.00522135257721
189 3.9402213525772094 -4.99522135257721
190 3.9302213525772096 -4.98522135257721
191 3.9202213525772094 -4.9752213525772095
192 3.9102213525772096 -4.96522135257721
193 3.9002213525772094 -4.95522135257721
194 3.8902261261050977 -4.945226126105098
195 3.8802313518524167 -4.935231351852417
196 3.870231351852417 -4.925231351852417
197 3.860231351852417 -4.915231351852417
198 3.850231351852417 -4.905231351852417
199 3.840231351852417 -4.895231351852417
200 3.830231351852417 -4.885231351852417
201 3.8202361165264063 -4.875236116526406
202 3.810236589310684 -4.865236589310684
203 3.800231351852417 -4.855231351852417
204 3.790231351852417 -4.845231351852417
205 3.7826156759262086 -4.837615675926209
206 3.7752313518524168 -4.830231351852417
207 3.765231351852417 -4.820231351852417
208 3.7552313518524167 -4.810231351852417
209 3.745231351852417 -4.800231351852417
210 3.735231351852417 -4.790231351852417
211 3.725231351852417 -4.780231351852417
212 3.715231351852417 -4.770231351852417
213 3.705231351852417 -4.760231351852417
214 3.695231351852417 -4.750231351852417
215 3.685231351852417 -4.740231351852417
216 3.675231351852417 -4.730231351852417
217 3.667618058263203 -4.720236116526406
218 3.6602365893106836 -4.712618294655342
219 3.6502313518524168 -4.705231351852417
220 3.640231351852417 -4.695231351852417
221 3.6302361165264063 -4.685236116526406
222 3.620236589310684 -4.675236589310684
223 3.6102361165264063 -4.6652361165264065
224 3.602620676755905 -4.65524135351181
225 3.59524135351181 -4.6452413535118104
226 3.5852413535118104 -4.63524135351181
227 3.57524135351181 -4.62524135351181
228 3.5652413535118104 -4.617620676755905
229 3.55524135351181 -4.61024135351181
230 3.547620676755905 -4.6002413535118105
231 3.5402413535118105 -4.59024135351181
232 3.5302413535118102 -4.58024135351181
233 3.5202461070601916 -4.570246107060192
234 3.510251352787018 -4.560251352787018
235 3.500251352787018 -4.550251352787018
236 3.492625676393509 -4.5426256763935084
237 3.4852560963468364 -4.535256096346837
238 3.4752613520622253 -4.525261352062225
239 3.4652613520622255 -4.515261352062225
240 3.4552613520622253 -4.507630676031113
241 3.4476306760311126 -4.500261352062226
242 3.440261352062225 -4.490261352062226
243 3.4302613520622254 -4.480261352062225
244 3.420261352062225 -4.4726306760311125
245 3.4102613520622254 -4.4652613520622255
246 3.4026306760311127 -4.455261352062226
247 3.3952613520622252 -4.445261352062226
248 3.3852613520622254 -4.437630676031112
249 3.375261352062225 -4.430261352062225
250 3.3652613520622254 -4.420261352062226
251 3.3576306760311128 -4.410261352062226
252 3.3502613520622253 -4.402630676031113
253 3.3402613520622255 -4.395261352062225
254 3.3302613520622253 -4.3852613520622254
255 3.3202660856334814 -4.3752660856334815
256 3.312633309149402 -4.367633309149402
257 3.3052613520622254 -4.360261352062226
258 3.295261352062225 -4.350261352062225
259 3.287630676031113 -4.342630676031113
260 3.2802613520622255 -4.335261352062226
261 3.2702613520622252 -4.325261352062226
262 3.2626306760311126 -4.317630676031113
263 3.255261352062225 -4.310261352062225
264 3.2452613520622253 -4.3002613520622255
265 3.2352660856334814 -4.2902660856334816
266 3.2276356756687163 -4.2826356756687165
267 3.220271351337433 -4.275271351337433
268 3.210271351337433 -4.265271351337432
269 3.2026356756687164 -4.257635675668716
270 3.195266618298804 -4.250266618298804
271 3.1852660856334816 -4.240266085633482
272 3.1776356756687165 -4.232635675668717
273 3.170271351337433 -4.225271351337433
274 3.1602713513374328 -4.2152713513374325
275 3.152635675668716 -4.207635675668716
276 3.145271351337433 -4.200271351337433
277 3.135266618298804 -4.1902666182988035
278 3.1276330428167407 -4.18263304281674
279 3.120271351337433 -4.175271351337432
280 3.1126356756687166 -4.165271351337433
281 3.105271351337433 -4.1576356756687165
282 3.095271351337433 -4.150271351337433
283 3.087635675668716 -4.140271351337432
284 3.080271351337433 -4.132635675668716
285 3.0726356756687165 -4.125271351337433
286 3.065271351337433 -4.115271351337433
287 3.0552713513374328 -4.107635675668717
288 3.047635675668716 -4.100271351337433
289 3.040271351337433 -4.0902713513374325
290 3.0326356756687165 -4.082635675668716
291 3.025271351337433 -4.075271351337433
292 3.0152713513374327 -4.065271351337433
293 3.007635675668716 -4.057635675668716
294 3.000271351337433 -4.050271351337432
295 2.9926356756687165 -4.042635675668716
296 2.985271351337433 -4.035271351337433
297 2.975271351337433 -4.025271351337433
298 2.9676356756687166 -4.017635675668716
299 2.960271351337433 -4.010271351337432
300 2.9526356756687164 -4.002635675668716
301 2.945271351337433 -3.995271351337433
302 2.935271351337433 -3.985271351337433
303 2.9276356756687165 -3.9776356756687163
304 2.920271351337433 -3.970271351337433
305 2.9126356756687164 -3.962635675668716
306 2.905271351337433 -3.955271351337433
307 2.8976380380226363 -3.947638038022636
308 2.890276628841875 -3.940276628841875
309 2.882635675668716 -3.9326356756687164
310 2.8752760760452722 -3.9252760760452725
311 2.8676383144209376 -3.9176383144209375
312 2.862638038022636 -3.9126380380226364
313 2.855276628841875 -3.905276628841875
314 2.8476356756687164 -3.8976356756687163
315 2.840271351337433 -3.8902713513374327
316 2.8326380380226364 -3.882638038022636
317 2.8276383144209376 -3.8776383144209374
318 2.8202760760452725 -3.8702760760452724
319 2.8126383144209375 -3.8626383144209377
320 2.8076356756687164 -3.8576356756687162
321 2.8002760760452725 -3.8502760760452723
322 2.792640676498413 -3.842640676498413
323 2.787640676498413 -3.837640676498413
324 2.780281352996826 -3.8302813529968263
325 2.772640676498413 -3.822640676498413
326 2.767640676498413 -3.8176406764984128
327 2.760281352996826 -3.8102813529968262
328 2.752640676498413 -3.802640676498413
329 2.747640676498413 -3.7976406764984127
330 2.740281352996826 -3.7902813529968262
331 2.732640676498413 -3.782640676498413
332 2.727640676498413 -3.7776406764984127
333 2.720281352996826 -3.770281352996826
334 2.712640676498413 -3.762640676498413
335 2.707640676498413 -3.7576406764984127
336 2.702640676498413 -3.752640676498413
337 2.695281352996826 -3.7452813529968263
338 2.687640676498413 -3.737640676498413
339 2.682640676498413 -3.732640676498413
340 2.677640676498413 -3.727640676498413
341 2.670281352996826 -3.720281352996826
342 2.662640676498413 -3.712640676498413
343 2.657640676498413 -3.707640676498413
344 2.6526406764984127 -3.702640676498413
345 2.647640676498413 -3.697640676498413
346 2.642640676498413 -3.690281352996826
347 2.637640676498413 -3.682640676498413
348 2.630286066588575 -3.6776430332942875
349 2.622645676136017 -3.6726456761360167
350 2.617645676136017 -3.6676456761360168
351 2.612645676136017 -3.662645676136017
352 2.6076456761360167 -3.655291352272034
353 2.602645676136017 -3.6476456761360168
354 2.597645676136017 -3.642645676136017
355 2.592645676136017 -3.637645676136017
356 2.5852913522720335 -3.6326456761360166
357 2.577645676136017 -3.6252913522720336
358 2.572645676136017 -3.617645676136017
359 2.5676456761360167 -3.612645676136017
360 2.5626480279376103 -3.60764802793761
361 2.557650675773621 -3.6026506757736207
362 2.5526506757736205 -3.597650675773621
363 2.5476506757736206 -3.5926506757736205
364 2.5426506757736207 -3.5876506757736206
365 2.537650675773621 -3.5826506757736207
366 2.5326506757736205 -3.577650675773621
367 2.5276506757736206 -3.5726506757736205
368 2.5226506757736207 -3.5676506757736206
369 2.517650675773621 -3.5626506757736207
370 2.510301351547241 -3.555301351547241
371 2.5026506757736207 -3.5476506757736206
372 2.4976506757736208 -3.5426506757736207
373 2.4926530231399364 -3.5376530231399363
374 2.487655676603317 -3.532655676603317
375 2.482655676603317 -3.527655676603317
376 2.4776556766033173 -3.5226556766033172
377 2.4726556766033174 -3.5176556766033173
378 2.467655676603317 -3.515
379 2.462655676603317 -3.512655676603317
380 2.457658018415157 -3.5076580184151567
381 2.4526606762409213 -3.502660676240921
382 2.447660676240921 -3.4976606762409213
383 2.442660676240921 -3.4926606762409214
384 2.437660676240921 -3.487660676240921
385 2.4326606762409213 -3.482660676240921
386 2.427660676240921 -3.4776606762409212
387 2.422660676240921 -3.4726606762409213
388 2.417660676240921 -3.467660676240921
389 2.4126606762409213 -3.462660676240921
390 2.407660676240921 -3.457660676240921
391 2.402660676240921 -3.4526606762409213
392 2.397660676240921 -3.447660676240921
393 2.3938303381204604 -3.4438303381204602
394 2.3913303381204605 -3.4413303381204603
395 2.387660676240921 -3.437660676240921
396 2.382660676240921 -3.4326606762409213
397 2.377660676240921 -3.427660676240921
398 2.3726606762409213 -3.422660676240921
399 2.3676606762409214 -3.417660676240921
400 2.362660676240921 -3.4126606762409213
401 2.357660676240921 -3.407660676240921
402 2.3526606762409212 -3.402660676240921
403 2.3488303381204605 -3.3988303381204603
404 2.3463303381204605 -3.3963303381204604
405 2.342660676240921 -3.3926606762409213
406 2.3376630130584792 -3.3876630130584795
407 2.3326633393872713 -3.382663339387271
408 2.3276606762409213 -3.377660676240921
409 2.322660676240921 -3.3726606762409213
410 2.317663013058479 -3.3676630130584795
411 2.3126633393872713 -3.3626633393872716
412 2.308830922616785 -3.358830922616785
413 2.3063321719015892 -3.356332171901589
414 2.302665675878525 -3.3526656758785247
415 2.2976656758785245 -3.347665675878525
416 2.2926656758785247 -3.342665675878525
417 2.2876656758785248 -3.3376656758785246
418 2.282665675878525 -3.3326656758785247
419 2.2788328379392624 -3.3288328379392627
420 2.2763328379392624 -3.3263328379392627
421 2.2726656758785246 -3.322665675878525
422 2.2676656758785247 -3.3176656758785246
423 2.262665675878525 -3.3126656758785247
424 2.2576656758785245 -3.307665675878525
425 2.2538328379392625 -3.3038328379392623
426 2.2513328379392625 -3.3013328379392624
427 2.2476656758785247 -3.2976656758785245
428 2.242665675878525 -3.2926656758785247
429 2.237665675878525 -3.2876656758785248
430 2.2326680082572365 -3.282668008257237
431 2.2288353383541106 -3.2788353383541105
432 2.2263353383541107 -3.2763353383541105
433 2.2226706767082214 -3.272670676708221
434 2.2176730035360266 -3.2676730035360264
435 2.2138378381729127 -3.2638378381729125
436 2.2113378381729127 -3.2613378381729126
437 2.207675676345825 -3.257675676345825
438 2.2026756763458253 -3.252675676345825
439 2.1988378381729126 -3.248837838172913
440 2.1963378381729126 -3.246337838172913
441 2.1926779981793487 -3.242677998179349
442 2.187680675983429 -3.237680675983429
443 2.1838403379917146 -3.2338403379917144
444 2.1813403379917147 -3.2313403379917145
445 2.177680675983429 -3.227680675983429
446 2.172680675983429 -3.222680675983429
447 2.1688409176290686 -3.218840917629069
448 2.1663421672115977 -3.216342167211598
449 2.1626856768131257 -3.2126856768131256
450 2.1576856768131254 -3.2076856768131257
451 2.1538428384065624 -3.2038428384065627
452 2.1513428384065625 -3.2013428384065628
453 2.1476856768131256 -3.1976856768131254
454 2.1438428384065626 -3.1938428384065625
455 2.1413428384065627 -3.1913428384065625
456 2.137687988656896 -3.187687988656896
457 2.1338447606475537 -3.183844760647554
458 2.1313435101129308 -3.181343510112931
459 2.127687988656896 -3.177687988656896
460 2.123845338225365 -3.1738453382253646
461 2.121345338225365 -3.1713453382253647
462 2.1176906764507297 -3.1676906764507295
463 2.113845338225365 -3.162690676450729
464 2.1113453382253646 -3.1576906764507293
465 2.1076906764507295 -3.155
466 2.103845915225928 -3.152691830451856
467 2.101347164510732 -3.147694329021464
468 2.097695676088333 -3.145
469 2.0938478380441667 -3.142695676088333
470 2.0913478380441664 -3.1376956760883328
471 2.087695676088333 -3.132695676088333
472 2.0838478380441665 -3.1288478380441664
473 2.0813478380441666 -3.1263478380441665
474 2.077695676088333 -3.122695676088333
475 2.0738478380441667 -3.1188478380441667
476 2.0713478380441663 -3.1163478380441667
477 2.067695676088333 -3.1126956760883333
478 2.0638478380441665 -3.1088478380441664
479 2.0613478380441665 -3.1063478380441665
480 2.057695676088333 -3.105
481 2.0538478380441667 -3.102695676088333
482 2.0513478380441663 -3.097695676088333
483 2.047695676088333 -3.095
484 2.0438478380441665 -3.0926956760883333
485 2.0413478380441665 -3.087695676088333
486 2.037695676088333 -3.085
487 2.0338478380441667 -3.0838478380441665
488 2.0313478380441663 -3.0813478380441666
489 2.027695676088333 -3.077695676088333
490 2.0238478380441665 -3.0738478380441667
491 2.0213478380441665 -3.0713478380441663
492 2.017695676088333 -3.067695676088333
493 2.0138478380441667 -3.0638478380441665
494 2.0113478380441663 -3.0613478380441665
495 2.007695676088333 -3.057695676088333
496 2.0038478380441664 -3.0538478380441667
497 2.0013478380441665 -3.0513478380441663
498 1.997695676088333 -3.047695676088333
499 1.9938478380441667 -3.0438478380441665
500 1.9913478380441665 -3.0413478380441665
501 1.9888484137955358 -3.038848413795536
502 1.9863496630803397 -3.0363496630803395
503 1.982700675725937 -3.0327006757259367
504 1.9788497627860457 -3.0288497627860456
505 1.9763485122514228 -3.0263485122514227
506 1.9738484137955359 -3.0238484137955357
507 1.9713496630803395 -3.0213496630803394
508 1.9688503378629685 -3.0188503378629683
509 1.9663503378629685 -3.0163503378629684
510 1.962698374267024 -3.012698374267024
511 1.9588484137955358 -3.0088484137955356
512 1.9563496630803396 -3.0063496630803392
513 1.9538503378629686 -3.003850337862968
514 1.9513503378629684 -3.0013503378629682
515 1.9488509125020568 -2.9977018250041136
516 1.946352162084586 -2.992704324169172
517 1.9427056765556336 -2.99
518 1.9388528382778167 -2.988852838277817
519 1.9363528382778168 -2.9863528382778166
520 1.9338534115304997 -2.982706823060999
521 1.9313546608153034 -2.977709321630607
522 1.9288553380966187 -2.9738553380966186
523 1.9263553380966187 -2.9713553380966187
524 1.9227106761932373 -2.97
525 1.9188553380966187 -2.9677106761932373
526 1.9163553380966187 -2.9627106761932374
527 1.9138553380966186 -2.9588553380966185
528 1.9113553380966186 -2.9563553380966185
529 1.9088553380966187 -2.9538553380966186
530 1.9063553380966187 -2.9513553380966187
531 1.9038553380966186 -2.9488553380966187
532 1.9013553380966186 -2.9463553380966188
533 1.8988553380966187 -2.9438553380966184
534 1.8963553380966187 -2.9413553380966184
535 1.8938553380966185 -2.9388553380966185
536 1.8913553380966186 -2.9363553380966185
537 1.8877106761932372 -2.9327106761932376
538 1.8838553380966185 -2.9288553380966187
539 1.8813553380966186 -2.9263553380966187
540 1.8788553380966186 -2.9238553380966184
541 1.8763553380966187 -2.9213553380966184
542 1.8738553380966188 -2.9188553380966185
543 1.8713553380966188 -2.9163553380966185
544 1.8688553380966186 -2.9138553380966186
545 1.8663553380966187 -2.9113553380966186
546 1.8638553380966187 -2.9088553380966187
547 1.8613553380966188 -2.9063553380966187
548 1.8588553380966186 -2.9038553380966183
549 1.8563553380966187 -2.9013553380966184
550 1.8538559101001073 -2.898855910100107
551 1.8513571593849112 -2.896357159384911
552 1.847715675830841 -2.892715675830841
553 1.8438572665901278 -2.888857266590128
554 1.841356016055505 -2.8863560160555046
555 1.8388553380966186 -2.8838553380966183
556 1.8363553380966187 -2.8813553380966184
557 1.8342374004878448 -2.8792374004878445
558 1.832571844243895 -2.877571844243895
559 1.8309062879999454 -2.8759062879999453
560 1.8288603383302688 -2.8738603383302688
561 1.826360338330269 -2.871360338330269
562 1.823860338330269 -2.868860338330269
563 1.821360338330269 -2.866360338330269
564 1.8188603383302688 -2.863860338330269
565 1.8163603383302689 -2.861360338330269
566 1.813860338330269 -2.8588603383302686
567 1.811360338330269 -2.8563603383302687
568 1.8088603383302688 -2.8538603383302688
569 1.8063603383302689 -2.851360338330269
570 1.803860907835071 -2.8488609078350713
571 1.8013621571198748 -2.846362157119875
572 1.7988628381490708 -2.8438628381490707
573 1.7963628381490706 -2.8413628381490708
574 1.7942418920993803 -2.8392418920993805
575 1.7925752254327139 -2.8375752254327136
576 1.7909085587660472 -2.835908558766047
577 1.7888628381490708 -2.833862838149071
578 1.7863628381490706 -2.831362838149071
579 1.7838628381490707 -2.828862838149071
580 1.7813628381490707 -2.826362838149071
581 1.7788628381490708 -2.8238628381490707
582 1.7763628381490706 -2.8213628381490707
583 1.7738634064046785 -2.8188634064046787
584 1.7713646556894824 -2.8163646556894824
585 1.7688653379678727 -2.8138653379678726
586 1.7663653379678725 -2.8113653379678727
587 1.7638653379678726 -2.8088653379678727
588 1.7613653379678726 -2.806365337967873
589 1.7592435586452484 -2.8042435586452483
590 1.7575768919785817 -2.802576891978582
591 1.755910225311915 -2.800910225311915
592 1.7538653379678726 -2.7988653379678725
593 1.7513653379678726 -2.7963653379678726
594 1.7488653379678727 -2.7938653379678726
595 1.7463653379678727 -2.7913653379678727
596 1.7438653379678728 -2.7888653379678727
597 1.7413653379678726 -2.786365337967873
598 1.7392435586452484 -2.7842435586452483
599 1.737576891978582 -2.782576891978582
600 1.7359102253119152 -2.780910225311915
601 1.7338659051094134 -2.7788659051094133
602 1.7313671546919427 -2.7763671546919424
603 1.728867838382721 -2.7738678383827207
604 1.726367838382721 -2.7713678383827207
605 1.723867838382721 -2.7688678383827208
606 1.721367838382721 -2.766367838382721
607 1.7192452255884807 -2.7642452255884806
608 1.717578558921814 -2.762578558921814
609 1.7159118922551473 -2.760911892255147
610 1.713867838382721 -2.7588678383827205
611 1.7113678383827209 -2.7563678383827206
612 1.708867838382721 -2.7538678383827206
613 1.706367838382721 -2.7513678383827207
614 1.703867838382721 -2.7488678383827208
615 1.7013678383827209 -2.746367838382721
616 1.6992452255884807 -2.7442452255884806
617 1.697578558921814 -2.742578558921814
618 1.6959118922551473 -2.7409118922551476
619 1.693867838382721 -2.738867838382721
620 1.6913678383827209 -2.736367838382721
621 1.688867838382721 -2.7338678383827206
622 1.686367838382721 -2.7313678383827207
623 1.6842452255884808 -2.7292452255884805
624 1.682578558921814 -2.727578558921814
625 1.6809118922551474 -2.7259118922551475
626 1.678867838382721 -2.723867838382721
627 1.676367838382721 -2.721367838382721
628 1.6742452255884808 -2.7192452255884807
629 1.672578558921814 -2.717578558921814
630 1.6709118922551474 -2.7159118922551473
631 1.6692454770778922 -2.7142454770778923
632 1.6675793657414182 -2.7125793657414183
633 1.6659132544049442 -2.7109132544049444
634 1.6638703382015227 -2.708870338201523
635 1.6613703382015228 -2.706370338201523
636 1.6592468921343484 -2.7042468921343485
637 1.657580225467682 -2.702580225467682
638 1.6559135588010152 -2.7009135588010156
639 1.6538703382015227 -2.698870338201523
640 1.6513703382015228 -2.6963703382015227
641 1.64924714306847 -2.6942471430684702
642 1.647581031731996 -2.6925810317319963
643 1.6459149203955221 -2.6909149203955223
644 1.6438722741982923 -2.688872274198292
645 1.6413710236636692 -2.686371023663669
646 1.63924714306847 -2.6842471430684705
647 1.637581031731996 -2.6825810317319965
648 1.635914920395522 -2.6809149203955225
649 1.6342488090590481 -2.6784976181180964
650 1.6325826977225741 -2.6751653954451484
651 1.6309165863861002 -2.6718331727722004
652 1.6288753378391265 -2.6688753378391263
653 1.6263753378391266 -2.6663753378391264
654 1.6242502252260844 -2.6642502252260845
655 1.6225835585594177 -2.662583558559418
656 1.6209168918927512 -2.660916891892751
657 1.6188753378391267 -2.6588753378391266
658 1.6163753378391266 -2.6563753378391266
659 1.6142502252260844 -2.6542502252260842
660 1.6125835585594177 -2.6525835585594177
661 1.6109168918927512 -2.650916891892751
662 1.6092504751091734 -2.649250475109173
663 1.6075843639050658 -2.647584363905066
664 1.6059182527009581 -2.6459182527009584
665 1.6042518921693165 -2.6442518921693168
666 1.60258522550265 -2.64258522550265
667 1.6009185588359833 -2.6409185588359834
668 1.5992518921693166 -2.639251892169317
669 1.59758522550265 -2.63758522550265
670 1.5959185588359832 -2.635918558835983
671 1.5942518921693165 -2.6342518921693165
672 1.59258522550265 -2.6325852255026496
673 1.5909185588359833 -2.630918558835983
674 1.588877838253975 -2.628877838253975
675 1.5863778382539748 -2.626377838253975
676 1.5842518921693165 -2.6242518921693168
677 1.58258522550265 -2.62258522550265
678 1.5809185588359833 -2.6209185588359833
679 1.5792518921693166 -2.619251892169317
680 1.57758522550265 -2.61758522550265
681 1.5759185588359832 -2.6159185588359835
682 1.5742518921693165 -2.614251892169317
683 1.57258522550265 -2.61258522550265
684 1.5709185588359833 -2.610918558835983
685 1.5692518921693166 -2.6092518921693166
686 1.56758522550265 -2.6075852255026497
687 1.5659185588359832 -2.6059185588359832
688 1.5642518921693165 -2.6042518921693167
689 1.56258522550265 -2.60258522550265
690 1.5609185588359833 -2.6009185588359833
691 1.5592518921693166 -2.599251892169317
692 1.5575852255026499 -2.59758522550265
693 1.5559185588359832 -2.5959185588359834
694 1.5538778382539749 -2.593877838253975
695 1.551377838253975 -2.5913778382539747
696 1.549252141437436 -2.589252141437436
697 1.547586030100962 -2.587586030100962
698 1.545919918764488 -2.585919918764488
699 1.5442535587151844 -2.5842535587151847
700 1.5425868920485177 -2.5825868920485178
701 1.5409202253818512 -2.5809202253818513
702 1.5394401690363884 -2.5794401690363884
703 1.5381901690363884 -2.5781901690363886
704 1.5369401690363884 -2.5769401690363885
705 1.5356901690363884 -2.5756901690363887
706 1.5342535587151844 -2.5742535587151845
707 1.5325868920485177 -2.572586892048518
708 1.5309202253818512 -2.570920225381851
709 1.5292535587151845 -2.5692535587151846
710 1.5275868920485178 -2.5675868920485176
711 1.5259202253818511 -2.565920225381851
712 1.5242535587151844 -2.5642535587151847
713 1.5225868920485177 -2.5625868920485178
714 1.5209202253818512 -2.5609202253818513
715 1.5192535587151845 -2.559253558715185
716 1.5175868920485178 -2.557586892048518
717 1.5159202253818511 -2.5559202253818514
718 1.5142535587151844 -2.5542535587151844
719 1.5125868920485177 -2.552586892048518
720 1.5109202253818512 -2.550920225381851
721 1.5092535587151845 -2.5492535587151846
722 1.5075868920485178 -2.5475868920485176
723 1.505920225381851 -2.545920225381851
724 1.5044401690363882 -2.5444401690363883
725 1.5031901690363882 -2.5431901690363885
726 1.5019401690363883 -2.5419401690363883
727 1.5006901690363883 -2.5406901690363886
728 1.4992535587151845 -2.538507117430369
729 1.4975868920485178 -2.5351737840970356
730 1.4959202253818513 -2.5318404507637022
731 1.4942535587151846 -2.5292535587151845
732 1.492586892048518 -2.5275868920485176
733 1.4909202253818512 -2.525920225381851
734 1.4892535587151845 -2.5242535587151846
735 1.4875868920485178 -2.5225868920485177
736 1.4859202253818513 -2.5209202253818512
737 1.4842535587151846 -2.5192535587151847
738 1.482586892048518 -2.517586892048518
739 1.4809202253818512 -2.5159202253818513
740 1.479253807428014 -2.5142538074280143
741 1.47758769609154 -2.51258769609154
742 1.4759215847550662 -2.510921584755066
743 1.4742549769380315 -2.51
744 1.4725877545708554 -2.51
745 1.4709205322036794 -2.51
746 1.4694403089490096 -2.508880617898019
747 1.4681906213482658 -2.5063812426965315
748 1.4669409337475219 -2.5038818674950436
749 1.465691246146778 -2.5013824922935557
750 1.4642549769380315 -2.5
751 1.4625877545708554 -2.5
752 1.4609205322036793 -2.5
753 1.459253807428014 -2.499253807428014
754 1.45758769609154 -2.49758769609154
755 1.4559215847550662 -2.495921584755066
756 1.4542552252610526 -2.4942552252610524
757 1.4525885585943858 -2.492588558594386
758 1.4509218919277191 -2.4909218919277194
759 1.4492552252610524 -2.4892552252610525
760 1.4475885585943857 -2.487588558594386
761 1.4459218919277192 -2.485921891927719
762 1.4444414189457895 -2.484441418945789
763 1.4431914189457893 -2.4831914189457893
764 1.4419414189457893 -2.481941418945789
765 1.4406914189457893 -2.4806914189457894
766 1.4392552252610524 -2.4792552252610522
767 1.4375885585943857 -2.4775885585943858
768 1.4359218919277192 -2.4759218919277193
769 1.4342552252610525 -2.4742552252610523
770 1.4325885585943858 -2.472588558594386
771 1.4309218919277191 -2.4709218919277194
772 1.4292552252610524 -2.4692552252610525
773 1.4275885585943857 -2.467588558594386
774 1.4259218919277192 -2.465921891927719
775 1.4242552252610525 -2.464255225261052
776 1.4225885585943858 -2.4625885585943856
777 1.4209218919277191 -2.460921891927719
778 1.4194414189457893 -2.459441418945789
779 1.4181914189457894 -2.4581914189457894
780 1.4169414189457894 -2.456941418945789
781 1.4156914189457894 -2.4556914189457895
782 1.4142552252610525 -2.4542552252610523
783 1.4125885585943858 -2.452588558594386
784 1.410921891927719 -2.4509218919277194
785 1.4092552252610524 -2.4492552252610524
786 1.4075885585943857 -2.447588558594386
787 1.4059218919277192 -2.445921891927719
788 1.4042552252610525 -2.444255225261052
789 1.4025885585943858 -2.4425885585943856
790 1.400921891927719 -2.440921891927719
791 1.3994415585793112 -2.439441558579311
792 1.3981918710530359 -2.438191871053036
793 1.3969421835267606 -2.4369421835267606
794 1.3956924960004853 -2.4356924960004855
795 1.3944426691532135 -2.4344426691532135
796 1.3931926691532135 -2.4331926691532137
797 1.3919426691532135 -2.4319426691532136
798 1.3906926691532133 -2.430692669153214
799 1.3894426691532133 -2.4294426691532136
800 1.3881926691532134 -2.4281926691532134
801 1.3869426691532134 -2.4269426691532137
802 1.3856926691532134 -2.4256926691532135
803 1.3844426691532135 -2.4244426691532133
804 1.3831926691532135 -2.4231926691532135
805 1.3819426691532135 -2.4219426691532133
806 1.3806926691532133 -2.4206926691532136
807 1.3794428084410069 -2.419442808441007
808 1.3781931208402631 -2.418193120840263
809 1.3769434332395192 -2.416943433239519
810 1.3756937456387752 -2.4156937456387753
811 1.3744439190626145 -2.4144439190626144
812 1.3731939190626146 -2.4131939190626146
813 1.3719439190626146 -2.4119439190626144
814 1.3706939190626146 -2.4106939190626147
815 1.3694439190626146 -2.4094439190626145
816 1.3681939190626144 -2.4081939190626143
817 1.3669439190626145 -2.4069439190626145
818 1.3656939190626145 -2.4056939190626143
819 1.3644439190626145 -2.404443919062614
820 1.3631939190626146 -2.4031939190626144
821 1.3619439190626146 -2.401943919062614
822 1.3606939190626146 -2.4006939190626144
823 1.3594439190626146 -2.3994439190626142
824 1.3581939190626144 -2.3981939190626145
825 1.3569439190626145 -2.3969439190626143
826 1.3556939190626145 -2.3956939190626145
827 1.3544440580380315 -2.3944440580380313
828 1.3531943704372875 -2.3931943704372873
829 1.3519446828365436 -2.391944682836544
830 1.3506949952357996 -2.3906949952358
831 1.3494451689720155 -2.3894451689720153
832 1.3481951689720155 -2.3881951689720156
833 1.3469451689720153 -2.3869451689720154
834 1.3456951689720154 -2.385695168972015
835 1.3444453076681098 -2.3844453076681096
836 1.3431956201418342 -2.383195620141834
837 1.341945932615559 -2.381945932615559
838 1.3406962450892836 -2.3806962450892835
839 1.3394465575300287 -2.3788931150600576
840 1.338196869929285 -2.3763937398585697
841 1.336947182328541 -2.373894364657082
842 1.335697494727797 -2.371394989455594
843 1.3345581352710723 -2.3695581352710726
844 1.3335581352710724 -2.3685581352710727
845 1.3325581352710725 -2.3675581352710724
846 1.3315581352710724 -2.3665581352710725
847 1.3305581352710725 -2.3655581352710726
848 1.3294476690888406 -2.3644476690888405
849 1.3281976690888404 -2.3631976690888408
850 1.3269476690888404 -2.3619476690888406
851 1.3256976690888405 -2.3606976690888404
852 1.3244476690888405 -2.35944766908884
853 1.3231976690888405 -2.3581976690888404
854 1.3219476690888405 -2.3569476690888402
855 1.3206976690888406 -2.3556976690888405
856 1.3194476690888406 -2.3544476690888403
857 1.3181976690888404 -2.3531976690888405
858 1.3169476690888404 -2.3519476690888403
859 1.3156976690888404 -2.3506976690888406
860 1.3145581352710722 -2.3495581352710726
861 1.3135581352710723 -2.3485581352710727
862 1.3125581352710725 -2.3475581352710724
863 1.3115581352710723 -2.3465581352710725
864 1.3105581352710725 -2.3455581352710726
865 1.3094476690888406 -2.3444476690888405
866 1.3081976690888404 -2.3431976690888408
867 1.3069476690888404 -2.3419476690888406
868 1.3056976690888404 -2.3406976690888404
869 1.3044476690888405 -2.33944766908884
870 1.3031976690888405 -2.3381976690888404
871 1.3019476690888405 -2.33694766908884
872 1.3006976690888405 -2.3356976690888405
873 1.2995581352710723 -2.3345581352710725
874 1.2985581352710724 -2.3335581352710726
875 1.2975581352710723 -2.3325581352710723
876 1.2965581352710724 -2.3315581352710724
877 1.2955581352710723 -2.3305581352710725
878 1.294447807127053 -2.3294478071270532
879 1.2931981195263091 -2.3281981195263093
880 1.2919484319255652 -2.3269484319255653
881 1.2906987443248215 -2.3256987443248214
882 1.2894487812035302 -2.3244487812035306
883 1.2881984686480468 -2.3231984686480467
884 1.2869481560925633 -2.321948156092563
885 1.2856978435370798 -2.3206978435370798
886 1.284447807127053 -2.319447807127053
887 1.2831981195263091 -2.318198119526309
888 1.2819484319255652 -2.316948431925565
889 1.2806987443248214 -2.315698744324821
890 1.279559223368548 -2.314118446737096
891 1.2785594233617306 -2.312118846723461
892 1.2775596233549131 -2.310119246709826
893 1.2765598233480957 -2.3081196466961913
894 1.2755600233412783 -2.3061200466825564
895 1.2744501692056656 -2.3044501692056656
896 1.2732001692056656 -2.303200169205666
897 1.2719501692056656 -2.3019501692056656
898 1.2707001692056656 -2.3007001692056654
899 1.2694501692056657 -2.2994501692056653
900 1.2682001692056655 -2.2982001692056655
901 1.2669501692056655 -2.2969501692056653
902 1.2657001692056655 -2.2957001692056656
903 1.2645601353645324 -2.2945601353645326
904 1.2635601353645325 -2.2935601353645323
905 1.2625601353645324 -2.2925601353645324
906 1.2615601353645325 -2.2915601353645325
907 1.2605601353645324 -2.2905601353645326
908 1.2594501692056657 -2.2894501692056655
909 1.2582001692056655 -2.2882001692056657
910 1.2569501692056655 -2.2869501692056655
911 1.2557001692056655 -2.2857001692056658
912 1.2545601353645324 -2.2845601353645324
913 1.2535601353645325 -2.2835601353645325
914 1.2525601353645324 -2.2825601353645326
915 1.2515601353645325 -2.2815601353645323
916 1.2505601353645324 -2.2805601353645324
917 1.2495601353645325 -2.2795601353645325
918 1.2485601353645326 -2.278560135364532
919 1.2475601353645325 -2.2775601353645323
920 1.2465601353645326 -2.2765601353645324
921 1.2455601353645325 -2.2755601353645325
922 1.2444501692056658 -2.2744501692056653
923 1.2432001692056656 -2.2732001692056656
924 1.2419501692056656 -2.2719501692056654
925 1.2407001692056656 -2.2707001692056656
926 1.2395601353645325 -2.2695601353645327
927 1.2385601353645326 -2.2685601353645324
928 1.2375601353645325 -2.2675601353645325
929 1.2365601353645326 -2.2665601353645326
930 1.2355601353645325 -2.2655601353645327
931 1.2344501692056657 -2.2644501692056656
932 1.2332001692056656 -2.263200169205666
933 1.2319501692056656 -2.2619501692056656
934 1.2307001692056656 -2.2607001692056654
935 1.2295602233134948 -2.259560223313495
936 1.2285604232590128 -2.2585604232590124
937 1.2275606232045309 -2.2575606232045304
938 1.2265608231500487 -2.2565608231500485
939 1.2255610230955667 -2.2555610230955665
940 1.2244514191150666 -2.2544514191150666
941 1.2232014191150666 -2.2532014191150664
942 1.2219514191150664 -2.2519514191150667
943 1.2207014191150665 -2.2507014191150665
944 1.2195612230410846 -2.2495612230410846
945 1.2185614229866024 -2.2485614229866027
946 1.2175616229321204 -2.2475616229321207
947 1.2165618228776385 -2.2465618228776383
948 1.2155620228231565 -2.2455620228231563
949 1.2145621352195741 -2.244562135219574
950 1.213562135219574 -2.243562135219574
951 1.212562135219574 -2.242562135219574
952 1.211562135219574 -2.2415621352195743
953 1.210562135219574 -2.2405621352195744
954 1.2094526690244674 -2.239452669024468
955 1.2082026690244674 -2.2382026690244676
956 1.2069526690244674 -2.2369526690244674
957 1.2057026690244674 -2.2357026690244672
958 1.2045621352195741 -2.2345621352195737
959 1.203562135219574 -2.233562135219574
960 1.202562135219574 -2.232562135219574
961 1.201562135219574 -2.231562135219574
962 1.200562135219574 -2.230562135219574
963 1.1994526690244673 -2.2294526690244676
964 1.1982026690244674 -2.2282026690244674
965 1.1969526690244674 -2.2269526690244676
966 1.1957026690244674 -2.2257026690244675
967 1.194562135219574 -2.224562135219574
968 1.193562135219574 -2.223562135219574
969 1.1925621352195739 -2.222562135219574
970 1.191562135219574 -2.2215621352195742
971 1.1905621352195739 -2.2205621352195744
972 1.1896351734829906 -2.219635173482991
973 1.1888019790053388 -2.218801979005339
974 1.187968784527687 -2.2179687845276868
975 1.1871355900500349 -2.217135590050035
976 1.186302395572383 -2.216302395572383
977 1.185469201094731 -2.2154692010947308
978 1.184563222517087 -2.214563222517087
979 1.1835634225102696 -2.2135634225102696
980 1.1825636225034521 -2.212563622503452
981 1.1815638224966347 -2.2115638224966347
982 1.1805640224898173 -2.2105640224898173
983 1.1795642224622247 -2.2095642224622245
984 1.1785644224077425 -2.2085644224077425
985 1.1775646223532605 -2.2075646223532606
986 1.1765648222987786 -2.2065648222987786
987 1.1755650222442964 -2.2055650222442966
988 1.1745651352405548 -2.204565135240555
989 1.1735651352405547 -2.203565135240555
990 1.1725651352405548 -2.202565135240555
991 1.1715651352405547 -2.2015651352405547
992 1.1705651352405548 -2.200565135240555
993 1.1695651352405547 -2.199565135240555
994 1.1685651352405548 -2.198565135240555
995 1.1675651352405547 -2.1975651352405547
996 1.1665651352405548 -2.196565135240555
997 1.165565135240555 -2.1955651352405545
998 1.1645651352405548 -2.1945651352405546
999 1.1635651352405547 -2.1935651352405547
1000 1.1625651352405548 -2.192565135240555
1001 1.1615651352405547 -2.1915651352405545
1002 1.1605651352405548 -2.1905651352405546
1003 1.1595651352405547 -2.1895651352405547
1004 1.1585651352405548 -2.188565135240555
1005 1.1575651352405547 -2.187565135240555
1006 1.1565651352405548 -2.1865651352405546
1007 1.155565135240555 -2.1855651352405547
1008 1.1546376127004623 -2.1846376127004623
1009 1.153804279367129 -2.1838042793671293
1010 1.1529709460337956 -2.182970946033796
1011 1.1521376127004623 -2.1821376127004624
1012 1.1513042793671289 -2.1813042793671293
1013 1.1504709460337956 -2.180470946033796
1014 1.1495651352405547 -2.179565135240555
1015 1.1485651352405548 -2.178565135240555
1016 1.1475651352405547 -2.1775651352405547
1017 1.1465651352405548 -2.176565135240555
1018 1.145565135240555 -2.1755651352405545
1019 1.1445651352405548 -2.1745651352405546
1020 1.1435651352405547 -2.1735651352405547
1021 1.1425651352405548 -2.172565135240555
1022 1.1415651352405547 -2.1715651352405545
1023 1.1405651352405548 -2.1705651352405546
1024 1.1395651352405547 -2.1695651352405547
1025 1.1385651352405548 -2.168565135240555
1026 1.1375651352405547 -2.167565135240555
1027 1.1365651352405548 -2.1665651352405546
1028 1.135565135240555 -2.1655651352405547
1029 1.1345652221898144 -2.1645652221898146
1030 1.1335654221353324 -2.163565422135332
1031 1.1325656220808502 -2.1625656220808502
1032 1.1315658220263682 -2.1615658220263683
1033 1.130566021971886 -2.1605660219718863
1034 1.129566221938084 -2.1595662219380842
1035 1.1285664219312666 -2.158566421931267
1036 1.1275666219244493 -2.1575666219244494
1037 1.126566821917632 -2.156566821917632
1038 1.1255670219108145 -2.1555670219108145
1039 1.1246392794450124 -2.1546392794450124
1040 1.1238059461116792 -2.153805946111679
1041 1.1229726127783457 -2.1529726127783455
1042 1.1221392794450125 -2.1521392794450125
1043 1.1213059461116792 -2.151305946111679
1044 1.1204726127783458 -2.1504726127783456
1045 1.1196908109528678 -2.1496908109528676
1046 1.1189765252385822 -2.148976525238582
1047 1.1182622395242965 -2.1482622395242963
1048 1.1175479538100106 -2.1475479538100104
1049 1.116833668095725 -2.146833668095725
1050 1.1161193823814393 -2.146119382381439
1051 1.1154050966671536 -2.1454050966671536
1052 1.1146392794450124 -2.1446392794450126
1053 1.1138059461116792 -2.143805946111679
1054 1.1129726127783457 -2.1429726127783457
1055 1.1121392794450125 -2.1421392794450127
1056 1.1113059461116792 -2.1413059461116792
1057 1.1104726127783457 -2.1404726127783458
1058 1.1096392794450125 -2.1396392794450123
1059 1.108805946111679 -2.1388059461116793
1060 1.1079726127783458 -2.137972612778346
1061 1.1071392794450123 -2.1371392794450124
1062 1.106305946111679 -2.136305946111679
1063 1.1054726127783456 -2.1354726127783454
1064 1.1046392794450124 -2.1346392794450124
1065 1.1038059461116791 -2.133805946111679
1066 1.1029726127783457 -2.1329726127783455
1067 1.1021392794450124 -2.1321392794450125
1068 1.1013059461116792 -2.131305946111679
1069 1.1004726127783457 -2.1304726127783455
1070 1.0996392794450125 -2.1296392794450125
1071 1.098805946111679 -2.128805946111679
1072 1.0979726127783458 -2.1279726127783456
1073 1.0971392794450123 -2.1271392794450126
1074 1.096305946111679 -2.126305946111679
1075 1.0954726127783456 -2.1254726127783456
1076 1.0946393395507306 -2.1246393395507304
1077 1.0938061450730787 -2.1238061450730785
1078 1.0929729505954267 -2.1229729505954267
1079 1.0921397561177748 -2.122139756117775
1080 1.0913065616401227 -2.121306561640123
1081 1.090473367162471 -2.120473367162471
1082 1.0896401127179465 -2.1196401127179465
1083 1.088806779384613 -2.118806779384613
1084 1.0879734460512798 -2.11797344605128
1085 1.0871401127179463 -2.1171401127179466
1086 1.086306779384613 -2.116306779384613
1087 1.0854734460512796 -2.11547344605128
1088 1.0846915251868112 -2.1146915251868115
1089 1.0839772394725256 -2.1139772394725256
1090 1.0832629537582397 -2.1132629537582397
1091 1.082548668043954 -2.1125486680439542
1092 1.0818343823296683 -2.1118343823296684
1093 1.0811200966153827 -2.1111200966153825
1094 1.080405810901097 -2.1104058109010966
1095 1.0796401127179465 -2.1096401127179463
1096 1.078806779384613 -2.108806779384613
1097 1.0779734460512798 -2.10797344605128
1098 1.0771401127179463 -2.1071401127179463
1099 1.076306779384613 -2.106306779384613
1100 1.0754734460512796 -2.10547344605128
1101 1.0746401127179463 -2.1046401127179464
1102 1.073806779384613 -2.103806779384613
1103 1.0729734460512796 -2.10297344605128
1104 1.0721401127179464 -2.1021401127179464
1105 1.0713067793846132 -2.101306779384613
1106 1.0704734460512797 -2.10047344605128
1107 1.0696401127179465 -2.0996401127179465
1108 1.068806779384613 -2.098806779384613
1109 1.0679734460512798 -2.09797344605128
1110 1.0671401127179463 -2.0971401127179465
1111 1.066306779384613 -2.096306779384613
1112 1.0654734460512796 -2.09547344605128
1113 1.0646401127179463 -2.0946401127179466
1114 1.063806779384613 -2.093806779384613
1115 1.0629734460512796 -2.0929734460512797
1116 1.0621401127179464 -2.092140112717946
1117 1.0613067793846132 -2.091306779384613
1118 1.0604734460512797 -2.0904734460512797
1119 1.0596915251868113 -2.089691525186811
1120 1.0589772394725254 -2.0889772394725252
1121 1.0582629537582398 -2.08826295375824
1122 1.057548668043954 -2.087548668043954
1123 1.0568343823296682 -2.0868343823296684
1124 1.0561200966153825 -2.0861200966153826
1125 1.0554058109010969 -2.0854058109010967
1126 1.0546401127179463 -2.0846401127179464
1127 1.053806779384613 -2.083806779384613
1128 1.0529734460512796 -2.08297344605128
1129 1.0521401127179464 -2.0821401127179464
1130 1.0513067793846131 -2.081306779384613
1131 1.0504734460512797 -2.08047344605128
1132 1.049691569245154 -2.079691569245154
1133 1.0489773855497158 -2.078977385549716
1134 1.0482632018542775 -2.0782632018542775
1135 1.0475490181588392 -2.077549018158839
1136 1.0468348344634009 -2.076834834463401
1137 1.0461206507679626 -2.0761206507679626
1138 1.0454064670725243 -2.0754064670725243
1139 1.0446922394207545 -2.0746922394207545
1140 1.0439779537064688 -2.073977953706469
1141 1.0432636679921832 -2.073263667992183
1142 1.0425493822778975 -2.0725493822778973
1143 1.0418350965636116 -2.071835096563612
1144 1.041120810849326 -2.071120810849326
1145 1.0404065251350403 -2.07040652513504
1146 1.0396409459908804 -2.06964094599088
1147 1.038807612657547 -2.068807612657547
1148 1.0379742793242137 -2.0679742793242135
1149 1.0371409459908802 -2.06714094599088
1150 1.036307612657547 -2.066307612657547
1151 1.0354742793242135 -2.0654742793242136
1152 1.0346922833875651 -2.0646922833875654
1153 1.0339780997164483 -2.0639780997164485
1154 1.0332639160453316 -2.0632639160453317
1155 1.0325497323742148 -2.062549732374215
1156 1.031835548703098 -2.061835548703098
1157 1.0311213650319813 -2.061121365031981
1158 1.0304071813608644 -2.060407181360864
1159 1.0296417794624964 -2.0596417794624964
1160 1.0288084461291631 -2.0588084461291634
1161 1.0279751127958296 -2.05797511279583
1162 1.0271417794624964 -2.0571417794624964
1163 1.026308446129163 -2.0563084461291634
1164 1.0254751127958297 -2.05547511279583
1165 1.0246929976792924 -2.0546929976792927
1166 1.0239788139838542 -2.0539788139838544
1167 1.0232646302884159 -2.053264630288416
1168 1.0225504465929776 -2.052550446592978
1169 1.0218362628975395 -2.0518362628975395
1170 1.0211220792021012 -2.051122079202101
1171 1.0204078955066629 -2.0504078955066625
1172 1.0196936680589404 -2.04969366805894
1173 1.0189793823446547 -2.0489793823446543
1174 1.0182650966303688 -2.048265096630369
1175 1.0175508109160831 -2.047550810916083
1176 1.0168365252017975 -2.0468365252017975
1177 1.0161222394875118 -2.0461222394875116
1178 1.015407953773226 -2.045407953773226
1179 1.0146426127354302 -2.0446426127354305
1180 1.013809279402097 -2.043809279402097
1181 1.0129759460687637 -2.0429759460687635
1182 1.0121426127354303 -2.0421426127354305
1183 1.011309279402097 -2.041309279402097
1184 1.0104759460687638 -2.0404759460687636
1185 1.0096936680589403 -2.0393873361178807
1186 1.0089793823446547 -2.0379587646893094
1187 1.0082650966303688 -2.0365301932607376
1188 1.0075508109160831 -2.0351016218321663
1189 1.0068365252017974 -2.033673050403595
1190 1.0061222394875118 -2.0322444789750236
