1 8.28445295367922 -7.3844529536792205
2 8.28445295367922 -7.3844529536792205
3 8.28445295367922 -7.3844529536792205
4 8.283738667964935 -7.383738667964935
5 8.28302438225065 -7.38302438225065
6 8.282310096536364 -7.382310096536363
7 8.281595810822077 -7.381595810822078
8 8.280881525107793 -7.380881525107792
9 8.280167239393506 -7.380167239393507
10 8.278723983994098 -7.378723983994098
11 8.27705787278999 -7.37705787278999
12 8.275391761585883 -7.375391761585883
13 8.274043919146061 -7.374043919146061
14 8.27279391914606 -7.372793919146061
15 8.27154391914606 -7.371543919146061
16 8.270293919146061 -7.370293919146061
17 8.268087838292121 -7.368087838292122
18 8.265587838292122 -7.3655878382921225
19 8.263087838292122 -7.363087838292122
20 8.260587838292121 -7.360587838292123
21 8.258725225528082 -7.357450451056162
22 8.257058558861415 -7.354117117722829
23 8.255391892194748 -7.350783784389495
24 8.251179496810526 -7.346179496810525
25 8.246180676221847 -7.341180676221847
26 8.243090338110923 -7.3380903381109235
27 8.240590338110923 -7.335590338110924
28 8.236184491453848 -7.331184491453849
29 8.233092837929725 -7.328092837929725
30 8.230592837929725 -7.325592837929726
31 8.226185675859451 -7.321185675859452
32 8.221185675859452 -7.316185675859452
33 8.216185675859451 -7.311185675859451
34 8.211185675859452 -7.306185675859451
35 8.206185675859452 -7.301185675859451
36 8.20118567585945 -7.3
37 8.192371351718903 -7.292371351718902
38 8.186185675859452 -7.286185675859452
39 8.181185675859451 -7.281185675859452
40 8.176185675859452 -7.276185675859452
41 8.171185675859451 -7.271185675859451
42 8.16618567585945 -7.266185675859451
43 8.161185675859452 -7.261185675859451
44 8.152371351718903 -7.252371351718902
45 8.146185675859451 -7.246185675859452
46 8.141185675859452 -7.2373713517189024
47 8.136185675859451 -7.231185675859452
48 8.127371351718903 -7.226185675859451
49 8.12118567585945 -7.217371351718902
50 8.116185675859452 -7.2111856758594515
51 8.111185675859451 -7.206185675859452
52 8.102371351718903 -7.197371351718902
53 8.096185675859452 -7.191185675859452
54 8.087371351718904 -7.182371351718903
55 8.081185675859452 -7.176185675859451
56 8.072371351718903 -7.167371351718902
57 8.066185675859451 -7.161185675859452
58 8.057371351718903 -7.1523713517189025
59 8.051189487004761 -7.146189487004761
60 8.042373725838635 -7.137373725838636
61 8.03237897400952 -7.127378974009521
62 8.026190676689149 -7.121190676689148
63 8.017381353378296 -7.1123813533782965
64 8.011186862919319 -7.1023737258386355
65 8.00237897400952 -7.09618948700476
66 7.996190676689148 -7.087381353378296
67 7.9873813533782965 -7.077381353378296
68 7.981190676689148 -7.071190676689148
69 7.972381353378296 -7.062381353378296
70 7.962381353378296 -7.052381353378296
71 7.952381353378296 -7.042381353378296
72 7.9423813533782965 -7.032381353378296
73 7.932381353378296 -7.026190676689148
74 7.922381353378296 -7.017381353378296
75 7.912381353378296 -7.007381353378296
76 7.9023813533782965 -6.997381353378296
77 7.896190676689148 -6.991190676689148
78 7.887381353378296 -6.982381353378297
79 7.877381353378296 -6.972381353378296
80 7.867381353378296 -6.962381353378296
81 7.857381353378297 -6.952381353378296
82 7.847381353378296 -6.9423813533782965
83 7.837381353378296 -6.932381353378296
84 7.827381353378296 -6.922381353378296
85 7.8173813533782965 -6.912381353378296
86 7.807381353378296 -6.9023813533782965
87 7.8011906766891475 -6.892381353378296
88 7.788572030067444 -6.878572030067444
89 7.7773813533782965 -6.867381353378296
90 7.767381353378296 -6.857381353378297
91 7.757381353378296 -6.847381353378296
92 7.747381353378296 -6.837381353378296
93 7.733583445794187 -6.827388963862791
94 7.722391352653504 -6.8173913526535035
95 7.712391352653503 -6.807391352653504
96 7.702391352653503 -6.797391352653503
97 7.6923913526535035 -6.787391352653503
98 7.682391352653504 -6.7773913526535035
99 7.668587028980255 -6.763587028980255
100 7.657406540282624 -6.752406540282624
101 7.647403756083672 -6.7424037560836725
102 7.637401351928711 -6.732401351928711
103 7.627401351928711 -6.718602027893066
104 7.617401351928711 -6.707401351928711
105 7.607401351928711 -6.697401351928711
106 7.593602027893066 -6.6874013519287105
107 7.582401351928711 -6.677401351928711
108 7.572401351928711 -6.6636020278930665
109 7.562408944244122 -6.652408944244121
110 7.552411353588104 -6.642411353588104
111 7.542411353588104 -6.632411353588104
112 7.528617030382157 -6.618617030382157
113 7.517411353588104 -6.6074113535881045
114 7.507411353588104 -6.593617030382156
115 7.493617030382157 -6.582411353588104
116 7.4824113535881045 -6.572411353588104
117 7.472411353588104 -6.558617030382156
118 7.458617030382157 -6.547411353588104
119 7.447411353588104 -6.533617030382157
120 7.437411353588104 -6.522411353588104
121 7.4236170303821565 -6.512411353588104
122 7.412411353588104 -6.498617030382157
123 7.402411353588104 -6.487411353588104
124 7.388617030382156 -6.477411353588104
125 7.377411353588104 -6.4636170303821565
126 7.367411353588104 -6.452411353588104
127 7.353617030382156 -6.438617030382156
128 7.342411353588104 -6.427411353588104
129 7.332411353588104 -6.417411353588104
130 7.318617030382157 -6.403617030382157
131 7.307411353588104 -6.392411353588104
132 7.293617030382157 -6.3786170303821565
133 7.282411353588104 -6.367411353588104
134 7.272411353588104 -6.3574113535881045
135 7.258617030382156 -6.343617030382156
136 7.247411353588104 -6.332411353588104
137 7.237411353588104 -6.322411353588104
138 7.223617030382156 -6.308617030382156
139 7.212411353588104 -6.297411353588104
140 7.198617030382157 -6.283617030382157
141 7.187411353588104 -6.272411353588104
142 7.177411353588104 -6.262411353588104
143 7.163617030382157 -6.248617030382157
144 7.152411353588104 -6.237411353588104
145 7.142411353588104 -6.227411353588104
146 7.1286170303821565 -6.2136170303821565
147 7.117411353588104 -6.202411353588104
148 7.103617030382156 -6.188617030382156
149 7.092411353588104 -6.177411353588104
150 7.082411353588104 -6.167411353588104
151 7.068617030382157 -6.153617030382157
152 7.057411353588104 -6.142411353588104
153 7.047418934104529 -6.132418934104529
154 7.033632029294968 -6.118632029294968
155 7.0224213528633115 -6.107421352863312
156 7.008632029294968 -6.093632029294968
157 6.997421352863312 -6.082421352863312
158 6.987421352863312 -6.072421352863312
159 6.973632029294968 -6.058632029294968
160 6.962421352863312 -6.047421352863312
161 6.952421352863312 -6.037421352863312
162 6.9386320292949675 -6.023632029294967
163 6.927421352863312 -6.012421352863312
164 6.917421352863312 -6.002421352863312
165 6.903632029294968 -5.988632029294968
166 6.892421352863312 -5.9774213528633116
167 6.882421352863312 -5.967421352863312
168 6.868632029294968 -5.953632029294968
169 6.857421352863312 -5.942421352863312
170 6.847421352863312 -5.932421352863312
171 6.833632029294968 -5.918632029294968
172 6.822421352863312 -5.907421352863312
173 6.812428923391175 -5.897428923391175
174 6.802431352138519 -5.887431352138519
175 6.792431352138519 -5.873647028207779
176 6.782431352138519 -5.862431352138519
177 6.768647028207779 -5.852431352138519
178 6.757431352138519 -5.842431352138519
179 6.747431352138519 -5.828647028207779
180 6.73743891267782 -5.81743891267782
181 6.727441351413726 -5.807441351413726
182 6.717441351413727 -5.797441351413727
183 6.707441351413727 -5.787441351413727
184 6.693684658860403 -5.773684658860402
185 6.682461352348327 -5.7624613523483275
186 6.672453806701972 -5.752453806701972
187 6.662458893632913 -5.7424588936329135
188 6.652461352348328 -5.732461352348328
189 6.642453806701972 -5.722453806701972
190 6.632458893632913 -5.712458893632913
191 6.622453806701972 -5.702453806701972
192 6.608688340449371 -5.68868834044937
193 6.597461352348327 -5.6774613523483275
194 6.587461352348328 -5.667461352348328
195 6.577461352348328 -5.657461352348328
196 6.567461352348328 -5.647461352348327
197 6.557461352348327 -5.6374613523483275
198 6.547461352348328 -5.627461352348328
199 6.537461352348328 -5.617461352348328
200 6.527461352348328 -5.607461352348328
201 6.513703324379337 -5.593703324379337
202 6.5024713516235355 -5.582471351623536
203 6.492471351623536 -5.572471351623536
204 6.482471351623536 -5.562471351623535
205 6.472471351623535 -5.552471351623535
206 6.4624713516235355 -5.5424713516235355
207 6.452471351623536 -5.532471351623536
208 6.442471351623536 -5.522471351623535
209 6.432471351623535 -5.512471351623535
210 6.422471351623535 -5.5024713516235355
211 6.412471351623536 -5.492471351623536
212 6.402471351623536 -5.482471351623536
213 6.392471351623535 -5.472471351623535
214 6.382471351623535 -5.4624713516235355
215 6.372471351623536 -5.452471351623536
216 6.362471351623536 -5.442471351623536
217 6.352471351623535 -5.432471351623535
218 6.342471351623535 -5.422471351623535
219 6.332471351623536 -5.412471351623536
220 6.322471351623536 -5.402471351623536
221 6.312471351623535 -5.392471351623535
222 6.302471351623535 -5.382471351623535
223 6.2924713516235355 -5.372471351623536
224 6.282471351623536 -5.362471351623536
225 6.272471351623535 -5.352471351623535
226 6.262471351623535 -5.342471351623535
227 6.2524713516235355 -5.332471351623536
228 6.246235675811768 -5.326235675811768
229 6.237471351623536 -5.317471351623536
230 6.227471351623535 -5.307471351623535
231 6.217471351623535 -5.297471351623535
232 6.207471351623536 -5.287471351623536
233 6.197471351623536 -5.277471351623536
234 6.187471351623535 -5.267471351623535
235 6.177471351623535 -5.257471351623535
236 6.1674713516235355 -5.247471351623536
237 6.161235675811768 -5.241235675811768
238 6.152471351623536 -5.232471351623536
239 6.142478873997588 -5.222478873997588
240 6.1324738258599 -5.2124738258599
241 6.122471351623536 -5.202471351623536
242 6.112471351623536 -5.192471351623536
243 6.102471351623535 -5.182471351623535
244 6.092471351623535 -5.172471351623535
245 6.086235675811768 -5.166235675811768
246 6.077471351623536 -5.157471351623536
247 6.067471351623536 -5.147471351623535
248 6.057478873997588 -5.137478873997588
249 6.047488863874652 -5.127488863874652
250 6.041245676279068 -5.117491352558136
251 6.032491352558136 -5.111245676279069
252 6.022491352558136 -5.102491352558136
253 6.012491352558135 -5.0924913525581355
254 6.006245676279068 -5.082491352558136
255 5.997491352558136 -5.072491352558136
256 5.987491352558136 -5.062491352558136
257 5.977491352558136 -5.056245676279068
258 5.971245676279068 -5.0474913525581355
259 5.962491352558136 -5.037491352558136
260 5.9524988531612975 -5.027498853161298
261 5.942501351833344 -5.017501351833343
262 5.936250675916671 -5.0112506759166715
263 5.927501351833343 -5.002501351833343
264 5.9175013518333435 -4.992501351833344
265 5.911250675916672 -4.986250675916672
266 5.902501351833344 -4.977501351833343
267 5.892501351833343 -4.967501351833343
268 5.882501351833343 -4.9575013518333435
269 5.876250675916672 -4.951250675916672
270 5.867501351833344 -4.942501351833344
271 5.857501351833344 -4.932501351833343
272 5.851250675916671 -4.9262506759166715
273 5.842501351833343 -4.9175013518333435
274 5.8325013518333435 -4.907501351833344
275 5.826250675916672 -4.901250675916672
276 5.817501351833344 -4.892501351833343
277 5.807501351833343 -4.882501351833343
278 5.8012506759166715 -4.876250675916672
279 5.7925013518333435 -4.867501351833344
280 5.782501351833344 -4.857501351833344
281 5.776250675916672 -4.851250675916671
282 5.767501351833343 -4.842501351833343
283 5.7612506759166715 -4.836250675916672
284 5.752501351833343 -4.827501351833344
285 5.746250675916672 -4.821250675916672
286 5.737501351833344 -4.812501351833343
287 5.731250675916672 -4.806250675916671
288 5.722501351833343 -4.797501351833343
289 5.712508844232189 -4.787508844232189
290 5.706251928052469 -4.781251928052469
291 5.697508844232189 -4.772508844232188
292 5.691255676746369 -4.766255676746368
293 5.682503856104937 -4.757503856104936
294 5.676254422116094 -4.751254422116094
295 5.667511353492737 -4.742511353492737
296 5.661251928052469 -4.732503856104937
297 5.652508844232189 -4.726254422116094
298 5.646251928052468 -4.717503856104936
299 5.637508844232189 -4.711254422116094
300 5.631255676746369 -4.702511353492737
301 5.622511353492737 -4.692511353492737
302 5.616255676746369 -4.686255676746368
303 5.607511353492737 -4.677511353492736
304 5.601255676746368 -4.671255676746369
305 5.592511353492736 -4.662511353492737
306 5.586255676746369 -4.656255676746369
307 5.577511353492737 -4.647511353492736
308 5.571255676746369 -4.641255676746368
309 5.562511353492736 -4.6362556767463685
310 5.556255676746368 -4.627511353492737
311 5.5475113534927365 -4.621255676746369
312 5.541255676746369 -4.616255676746369
313 5.536255676746369 -4.607511353492737
314 5.527511353492737 -4.601255676746368
315 5.521255676746368 -4.5962556767463685
316 5.512511353492736 -4.5875113534927365
317 5.506255676746369 -4.581255676746369
318 5.501255676746369 -4.576255676746369
319 5.492511353492737 -4.567511353492737
320 5.486255676746369 -4.561255676746368
321 5.481255676746369 -4.556255676746368
322 5.476255676746368 -4.5475113534927365
323 5.467511353492736 -4.541255676746369
324 5.461255676746369 -4.536255676746369
325 5.456255676746369 -4.527511353492737
326 5.451255676746369 -4.521255676746368
327 5.442511353492737 -4.516255676746368
328 5.436255676746368 -4.5075113534927365
329 5.431255676746368 -4.501255676746369
330 5.4262556767463686 -4.496255676746369
331 5.417511353492737 -4.487511353492737
332 5.411255676746369 -4.481255676746369
333 5.406255676746369 -4.476255676746368
334 5.401255676746369 -4.4712556767463685
335 5.396255676746368 -4.466255676746369
336 5.391259417058195 -4.461259417058195
337 5.3862569335888555 -4.452513867177712
338 5.381255676746369 -4.446255676746369
339 5.376255676746369 -4.441255676746369
340 5.371259417058195 -4.436259417058196
341 5.366260676383972 -4.431260676383972
342 5.3612606763839725 -4.426260676383972
343 5.352521352767944 -4.417521352767944
344 5.346260676383972 -4.411260676383972
345 5.341260676383972 -4.4062606763839725
346 5.336260676383972 -4.401260676383973
347 5.331260676383972 -4.396260676383972
348 5.326260676383972 -4.391260676383972
349 5.3212606763839725 -4.386260676383972
350 5.316260676383973 -4.381260676383972
351 5.311260676383972 -4.376260676383972
352 5.306260676383972 -4.371260676383972
353 5.301260676383972 -4.366260676383972
354 5.296260676383972 -4.3612606763839725
355 5.291260676383972 -4.356260676383973
356 5.286260676383972 -4.351260676383972
357 5.2812606763839725 -4.346260676383972
358 5.276260676383973 -4.341260676383972
359 5.271260676383972 -4.336260676383972
360 5.266260676383972 -4.331260676383972
361 5.261260676383972 -4.326260676383972
362 5.256260676383972 -4.3212606763839725
363 5.251260676383972 -4.316260676383973
364 5.246260676383972 -4.311260676383972
365 5.241260676383972 -4.306260676383972
366 5.2362606763839725 -4.301260676383972
367 5.231260676383973 -4.296260676383972
368 5.226260676383972 -4.291260676383972
369 5.221260676383972 -4.286260676383972
370 5.216260676383972 -4.2812606763839725
371 5.211260676383972 -4.276260676383973
372 5.206260676383972 -4.271260676383972
373 5.201260676383972 -4.266260676383972
374 5.198130338191986 -4.263130338191986
375 5.195630338191986 -4.2606303381919854
376 5.1912644117015185 -4.256264411701518
377 5.1862619382307384 -4.251261938230739
378 5.181260676383972 -4.246260676383972
379 5.176264411701518 -4.241264411701518
380 5.171261938230739 -4.236261938230739
381 5.166264411701518 -4.231264411701519
382 5.163131904030503 -4.228131904030502
383 5.16063065349588 -4.225630653495879
384 5.156264411701518 -4.221264411701518
385 5.151261938230739 -4.216261938230739
386 5.146264411701518 -4.211264411701518
387 5.141265676021575 -4.206265676021576
388 5.138132838010788 -4.201265676021576
389 5.135632838010788 -4.196265676021576
390 5.131265676021576 -4.195
391 5.126261938230739 -4.191261938230739
392 5.121264411701518 -4.186264411701518
393 5.118132838010788 -4.181265676021575
394 5.1156328380107885 -4.1762656760215755
395 5.111265676021576 -4.171265676021576
396 5.106265676021576 -4.166265676021576
397 5.101265676021576 -4.161265676021576
398 5.0981328380107875 -4.158132838010788
399 5.095632838010788 -4.1556328380107885
400 5.0912656760215755 -4.151265676021576
401 5.086265676021576 -4.146265676021576
402 5.083132838010788 -4.1431328380107875
403 5.080632838010788 -4.140632838010788
404 5.076265676021576 -4.1362656760215755
405 5.071265676021576 -4.131265676021576
406 5.068132838010788 -4.128132838010788
407 5.065632838010789 -4.125632838010788
408 5.061265676021576 -4.121265676021576
409 5.056265676021575 -4.116265676021576
410 5.053132838010788 -4.113132838010788
411 5.050632838010788 -4.110632838010789
412 5.046265676021576 -4.106265676021576
413 5.041265676021576 -4.101265676021576
414 5.038132838010788 -4.0981328380107875
415 5.035632838010788 -4.095632838010788
416 5.031265676021576 -4.0912656760215755
417 5.028132838010788 -4.088132838010788
418 5.025632838010789 -4.085632838010788
419 5.021265676021576 -4.081265676021576
420 5.0181328380107875 -4.078132838010788
421 5.015632838010788 -4.0756328380107885
422 5.0112656760215755 -4.071265676021576
423 5.008132838010788 -4.068132838010788
424 5.005632838010788 -4.065632838010789
425 5.001265676021576 -4.061265676021576
426 4.998132838010788 -4.0581328380107875
427 4.995632838010788 -4.055632838010788
428 4.991265676021576 -4.0512656760215755
429 4.988132838010788 -4.048132838010788
430 4.985632838010789 -4.045632838010788
431 4.981269406344841 -4.04126940634484
432 4.978134405099748 -4.038134405099748
433 4.975633154565125 -4.035633154565125
434 4.973133771057627 -4.033133771057628
435 4.970635020342431 -4.030635020342432
436 4.96627067565918 -4.02627067565918
437 4.963134405099748 -4.023134405099748
438 4.960633154565125 -4.020633154565125
439 4.958133771057628 -4.018133771057627
440 4.955635020342432 -4.015635020342431
441 4.95127067565918 -4.01127067565918
442 4.94813533782959 -4.008135337829589
443 4.94563533782959 -4.00563533782959
444 4.94313533782959 -4.00127067565918
445 4.94063533782959 -3.9962706756591797
446 4.93627067565918 -3.995
447 4.933135337829589 -3.99127067565918
448 4.93063533782959 -3.9862706756591795
449 4.928135337829589 -3.98313533782959
450 4.92563533782959 -3.98063533782959
451 4.92127067565918 -3.9762706756591797
452 4.91813533782959 -3.97313533782959
453 4.91563533782959 -3.97063533782959
454 4.91313533782959 -3.96813533782959
455 4.91063533782959 -3.96563533782959
456 4.90627067565918 -3.9612706756591796
457 4.90313533782959 -3.95813533782959
458 4.90063533782959 -3.95563533782959
459 4.89813533782959 -3.95313533782959
460 4.89563533782959 -3.95063533782959
461 4.893135337829589 -3.94813533782959
462 4.89063533782959 -3.94563533782959
463 4.888135337829589 -3.94313533782959
464 4.88563533782959 -3.94063533782959
465 4.88127067565918 -3.9362706756591797
466 4.8781353378295895 -3.93313533782959
467 4.87563533782959 -3.93063533782959
468 4.87313533782959 -3.92813533782959
469 4.87063533782959 -3.92563533782959
470 4.868136269849298 -3.923136269849298
471 4.865637519431828 -3.9206375194318275
472 4.8631387687925915 -3.9181387687925917
473 4.860640018077396 -3.9156400180773954
474 4.85814033806324 -3.91314033806324
475 4.855640338063241 -3.91064033806324
476 4.85314033806324 -3.90814033806324
477 4.85064033806324 -3.90564033806324
478 4.8481403380632395 -3.9031403380632397
479 4.84564033806324 -3.9006403380632397
480 4.84314033806324 -3.89814033806324
481 4.84064033806324 -3.89564033806324
482 4.83814033806324 -3.89314033806324
483 4.83564033806324 -3.89064033806324
484 4.83314033806324 -3.88814033806324
485 4.83064033806324 -3.88564033806324
486 4.82814033806324 -3.8831403380632397
487 4.82564033806324 -3.8806403380632397
488 4.82314033806324 -3.8781403380632398
489 4.8206403380632405 -3.87564033806324
490 4.81814033806324 -3.87314033806324
491 4.815640338063241 -3.87064033806324
492 4.813141267362199 -3.8681412673621995
493 4.810642516647003 -3.865642516647003
494 4.808142837882041 -3.863142837882042
495 4.805642837882042 -3.860642837882042
496 4.803142837882041 -3.858142837882042
497 4.800642837882042 -3.855642837882042
498 4.798142837882041 -3.853142837882042
499 4.795642837882042 -3.850642837882042
500 4.7931428378820415 -3.848142837882042
501 4.790642837882042 -3.845642837882042
502 4.788142837882042 -3.843142837882042
503 4.785642837882042 -3.840642837882042
504 4.783761891921362 -3.838761891921361
505 4.782095225254695 -3.8370952252546946
506 4.780428558588028 -3.835428558588028
507 4.778142837882042 -3.833142837882042
508 4.775642837882042 -3.830642837882042
509 4.773761891921361 -3.8287618919213613
510 4.772095225254694 -3.827095225254695
511 4.770428558588027 -3.8254285585880283
512 4.768142837882041 -3.823142837882042
513 4.765642837882042 -3.820642837882042
514 4.763142837882041 -3.818142837882042
515 4.760642837882042 -3.815642837882042
516 4.7587618919213615 -3.813761891921361
517 4.7570952252546945 -3.8120952252546947
518 4.755428558588028 -3.810428558588028
519 4.7531428378820415 -3.808142837882042
520 4.750642837882042 -3.805642837882042
521 4.748761891921362 -3.8037618919213614
522 4.747095225254695 -3.8020952252546945
523 4.745428558588028 -3.800428558588028
524 4.743142837882042 -3.798142837882042
525 4.740642837882042 -3.795642837882042
526 4.738762304554971 -3.79376230455497
527 4.7370961933508635 -3.792096193350863
528 4.735430082146756 -3.7904300821467554
529 4.733763558864593 -3.7887635588645936
530 4.732096892197927 -3.787096892197927
531 4.7304302255312605 -3.78543022553126
532 4.7287635588645935 -3.7837635588645937
533 4.727096892197927 -3.7820968921979268
534 4.72543022553126 -3.78043022553126
535 4.723763558864593 -3.7787635588645934
536 4.722096892197927 -3.777096892197927
537 4.72043022553126 -3.77543022553126
538 4.71814533829689 -3.77314533829689
539 4.71564533829689 -3.77064533829689
540 4.713763558864593 -3.7687635588645936
541 4.712096892197927 -3.767096892197927
542 4.71043022553126 -3.76543022553126
543 4.708763558864593 -3.7625271177291872
544 4.707096892197927 -3.759193784395854
545 4.70543022553126 -3.7558604510625204
546 4.703763558864593 -3.7537635588645935
547 4.702096892197927 -3.752096892197927
548 4.70043022553126 -3.75043022553126
549 4.698763558864593 -3.7487635588645936
550 4.697096892197927 -3.747096892197927
551 4.69543022553126 -3.74543022553126
552 4.693763558864593 -3.7437635588645937
553 4.692096892197927 -3.742096892197927
554 4.69043022553126 -3.7404302255312603
555 4.6887635588645935 -3.7387635588645938
556 4.687096892197927 -3.737096892197927
557 4.68543022553126 -3.73543022553126
558 4.683763558864593 -3.7337635588645934
559 4.682096892197927 -3.732096892197927
560 4.68043022553126 -3.73043022553126
561 4.678763558864593 -3.7287635588645935
562 4.677096892197927 -3.727096892197927
563 4.67543022553126 -3.72543022553126
564 4.674072669148445 -3.724072669148445
565 4.672822669148445 -3.7228226691484454
566 4.671572669148445 -3.721572669148445
567 4.670322669148445 -3.7203226691484454
568 4.668763558864593 -3.7187635588645938
569 4.667096892197927 -3.717096892197927
570 4.66543022553126 -3.71543022553126
571 4.663763558864593 -3.7137635588645934
572 4.662096892197927 -3.712096892197927
573 4.66043022553126 -3.71043022553126
574 4.65876397084445 -3.70876397084445
575 4.657097859507976 -3.707097859507976
576 4.655431748171502 -3.705431748171502
577 4.653765225410462 -3.7037652254104616
578 4.652098558743795 -3.7020985587437947
579 4.650431892077129 -3.700431892077128
580 4.649073919057846 -3.6981478381156925
581 4.647823919057846 -3.695647838115692
582 4.646573919057846 -3.693147838115692
583 4.645323919057845 -3.690647838115692
584 4.643765225410461 -3.6887652254104615
585 4.642098558743794 -3.6870985587437946
586 4.640431892077128 -3.685431892077128
587 4.639073919057846 -3.684073919057846
588 4.637823919057846 -3.6828239190578462
589 4.636573919057846 -3.681573919057846
590 4.6353239190578455 -3.6803239190578463
591 4.633765225410461 -3.6787652254104617
592 4.632098558743794 -3.6770985587437948
593 4.630431892077128 -3.675431892077128
594 4.629073919057846 -3.6740739190578457
595 4.627823919057846 -3.672823919057846
596 4.626573919057846 -3.671573919057846
597 4.625323919057846 -3.670323919057846
598 4.6237652254104615 -3.6687652254104615
599 4.622098558743795 -3.6670985587437945
600 4.620431892077129 -3.665431892077128
601 4.619073919057846 -3.664073919057846
602 4.617823919057846 -3.662823919057846
603 4.6165739190578465 -3.661573919057846
604 4.615323919057846 -3.6603239190578463
605 4.613765225410462 -3.6587652254104617
606 4.612098558743795 -3.6570985587437947
607 4.610431892077129 -3.655431892077128
608 4.609073919057846 -3.6540739190578457
609 4.6078239190578465 -3.652823919057846
610 4.606573919057847 -3.651573919057846
611 4.605323919057846 -3.650323919057846
612 4.604073919057846 -3.649073919057846
613 4.602823919057846 -3.647823919057846
614 4.601573919057846 -3.646573919057846
615 4.600323919057845 -3.645323919057846
616 4.599074150503443 -3.644074150503444
617 4.597824462902699 -3.6428244629027002
618 4.5965747753019555 -3.6415747753019563
619 4.595325087701212 -3.6403250877012123
620 4.594074937718438 -3.639074937718439
621 4.5928246251629545 -3.637824625162955
622 4.591574312607472 -3.6365743126074714
623 4.5903240000519885 -3.635324000051988
624 4.589074150503444 -3.634074150503444
625 4.5878244629027 -3.6328244629027
626 4.586574775301956 -3.631574775301956
627 4.585325087701213 -3.630325087701212
628 4.584075168967247 -3.629075168967247
629 4.582825168967247 -3.627825168967247
630 4.581575168967247 -3.626575168967247
631 4.5803251689672475 -3.625325168967247
632 4.579075168967247 -3.6240751689672472
633 4.577825168967247 -3.622825168967247
634 4.576575168967247 -3.6215751689672473
635 4.575325168967248 -3.620325168967247
636 4.574075168967247 -3.6190751689672473
637 4.572825168967247 -3.617825168967247
638 4.5715751689672475 -3.6165751689672474
639 4.570325168967248 -3.615325168967247
640 4.569075168967247 -3.614075168967247
641 4.567825168967247 -3.6128251689672473
642 4.566575168967248 -3.611575168967247
643 4.565325168967248 -3.610325168967247
644 4.564075168967247 -3.609075168967247
645 4.562825168967247 -3.607825168967247
646 4.561575168967247 -3.606575168967247
647 4.560325168967247 -3.605325168967247
648 4.559075168967246 -3.6040751689672472
649 4.557825168967247 -3.602825168967247
650 4.556575168967247 -3.6015751689672473
651 4.555325168967247 -3.600325168967247
652 4.554260283141718 -3.599260283141719
653 4.553260483134901 -3.5982604831349017
654 4.552260683128083 -3.5972606831280842
655 4.551260883121267 -3.596260883121267
656 4.550261083114449 -3.5952610831144494
657 4.549260987512713 -3.594260987512713
658 4.548260787439504 -3.593260787439504
659 4.547260587366295 -3.592260587366295
660 4.546260387293086 -3.5912603872930857
661 4.545260187219877 -3.5902601872198767
662 4.5442602831417185 -3.589260283141719
663 4.543260483134901 -3.5882604831349014
664 4.542260683128084 -3.587260683128084
665 4.541260883121267 -3.5862608831212666
666 4.54026108311445 -3.585261083114449
667 4.539261135339737 -3.584261135339737
668 4.538261135339737 -3.583261135339737
669 4.537261135339737 -3.582261135339737
670 4.536261135339737 -3.581261135339737
671 4.535261135339737 -3.580261135339737
672 4.5342611353397375 -3.579261135339737
673 4.533261135339737 -3.578261135339737
674 4.532261135339737 -3.577261135339737
675 4.531261135339737 -3.576261135339737
676 4.530261135339737 -3.575261135339737
677 4.529261135339738 -3.574261135339737
678 4.528261135339737 -3.573261135339737
679 4.527261135339737 -3.572261135339737
680 4.5262611353397375 -3.571261135339737
681 4.525261135339737 -3.5702611353397367
682 4.5242612830724145 -3.568522566144828
683 4.523261483017932 -3.566522966035864
684 4.52226168296345 -3.5645233659269
685 4.521261882908968 -3.562523765817936
686 4.520262082854486 -3.560524165708972
687 4.519262282800003 -3.559262282800004
688 4.518262482745522 -3.558262482745522
689 4.517262682691039 -3.55726268269104
690 4.516262882636557 -3.556262882636558
691 4.515263082582075 -3.555263082582076
692 4.514385945995649 -3.554385945995649
693 4.513552612662315 -3.5535526126623154
694 4.512719279328982 -3.552719279328982
695 4.511885945995648 -3.5518859459956484
696 4.511052612662315 -3.5510526126623154
697 4.5102192793289815 -3.550219279328982
698 4.509385945995649 -3.5493859459956485
699 4.508552612662315 -3.548552612662315
700 4.507719279328982 -3.547719279328982
701 4.5068859459956485 -3.5468859459956485
702 4.506052612662315 -3.546052612662315
703 4.505219279328982 -3.545219279328982
704 4.504385945995649 -3.5443859459956486
705 4.5035526126623155 -3.543552612662315
706 4.502719279328982 -3.542719279328982
707 4.501885945995649 -3.5418859459956487
708 4.501052612662315 -3.541052612662315
709 4.500219279328982 -3.540219279328982
710 4.4994737431882905 -3.53947374318829
711 4.498759559517174 -3.5387595595171732
712 4.498045375846057 -3.5380453758460564
713 4.49733119217494 -3.5373311921749395
714 4.496617008503823 -3.536617008503823
715 4.495902824832706 -3.5359028248327062
716 4.495188641161589 -3.5351886411615894
717 4.4943867794672645 -3.534386779467265
718 4.493553446133932 -3.5335534461339315
719 4.4927201128005985 -3.532720112800598
720 4.491886779467265 -3.5318867794672646
721 4.4910534461339315 -3.5310534461339316
722 4.490220112800598 -3.530220112800598
723 4.489386779467265 -3.5293867794672646
724 4.488553446133932 -3.528553446133931
725 4.487720112800599 -3.527720112800598
726 4.486886779467265 -3.5268867794672647
727 4.486053446133932 -3.5260534461339312
728 4.485220112800598 -3.525220112800598
729 4.484474382400513 -3.5239487648010255
730 4.483760096686227 -3.522520193372454
731 4.483045810971942 -3.5210916219438824
732 4.482331525257656 -3.519663050515311
733 4.48161723954337 -3.5182344790867397
734 4.4809029538290845 -3.5168059076581684
735 4.480188668114799 -3.515377336229597
736 4.479540142078523 -3.5145401420785225
737 4.478915220188098 -3.513915220188097
738 4.478290298297672 -3.5132902982976715
739 4.477665376407247 -3.5126653764072464
740 4.477040454516821 -3.512040454516821
741 4.476415532626395 -3.5114155326263954
742 4.475790610735969 -3.51079061073597
743 4.475165688845544 -3.5101656888455444
744 4.474540766955119 -3.509540766955119
745 4.473915845064694 -3.5089158450646933
746 4.473290923174268 -3.508290923174268
747 4.472666001283843 -3.5076660012838428
748 4.472041079393417 -3.5070410793934172
749 4.471416157502992 -3.5064161575029917
750 4.470791235612566 -3.5057912356125662
751 4.470166313722141 -3.505166313722141
752 4.46954133450985 -3.5045413345098493
753 4.468916334509849 -3.5039163345098494
754 4.468291334509849 -3.5032913345098495
755 4.4676663345098495 -3.5026663345098497
756 4.467041334509849 -3.5020413345098493
757 4.46641633450985 -3.5014163345098495
758 4.465791334509849 -3.5007913345098496
759 4.465166334509849 -3.5001663345098497
760 4.464541391831715 -3.4995413918317158
761 4.46391646994129 -3.4989164699412902
762 4.463291548050865 -3.4982915480508647
763 4.4626666261604395 -3.497666626160439
764 4.462041704270014 -3.497041704270014
765 4.4614167823795885 -3.4964167823795886
766 4.460791860489163 -3.495791860489163
767 4.4601669385987375 -3.4951669385987376
768 4.459542073951412 -3.494542073951412
769 4.458917230169657 -3.4939172301696573
770 4.458292386387902 -3.4932923863879024
771 4.457667542606147 -3.4926675426061475
772 4.4570426988243925 -3.4920426988243927
773 4.456417855042638 -3.491417855042638
774 4.455793011260883 -3.4907930112608834
775 4.455168167479128 -3.4901681674791285
776 4.454543209522963 -3.4890864190459254
777 4.453918209522962 -3.4878364190459252
778 4.453293209522963 -3.4865864190459255
779 4.452668209522963 -3.4853364190459253
780 4.452043209522962 -3.484086419045925
781 4.451418209522963 -3.4828364190459253
782 4.4507932095229625 -3.481586419045925
783 4.450168209522963 -3.480336419045925
784 4.449634640693646 -3.479634640693646
785 4.449134740678321 -3.479134740678321
786 4.448634840662996 -3.478634840662996
787 4.448134940647671 -3.4781349406476716
788 4.447635040632346 -3.4776350406323466
789 4.447135140617022 -3.4771351406170217
790 4.446635240601697 -3.4766352406016967
791 4.446135340586372 -3.476135340586372
792 4.445635440571047 -3.4756354405710472
793 4.4451355405557225 -3.4751355405557223
794 4.444635604102049 -3.474635604102049
795 4.444135654093427 -3.474135654093426
796 4.443635704084803 -3.4736357040848036
797 4.443135754076181 -3.4731357540761807
798 4.442635804067558 -3.472635804067558
799 4.442135854058935 -3.4721358540589353
800 4.441635904050313 -3.4716359040503124
801 4.44113595404169 -3.47113595404169
802 4.440636004033068 -3.470636004033067
803 4.440136054024444 -3.470136054024444
804 4.4396691523898735 -3.4696691523898733
805 4.4392146069353275 -3.469214606935328
806 4.4387600614807825 -3.4687600614807823
807 4.438305516026237 -3.468305516026237
808 4.4378509705716915 -3.4678509705716913
809 4.437396425117146 -3.467396425117146
810 4.436941879662601 -3.4669418796626004
811 4.436487334208055 -3.466487334208055
812 4.43603278875351 -3.4660327887535094
813 4.435578243298964 -3.465578243298964
814 4.435123697844419 -3.4651236978444184
815 4.43463606762886 -3.4646360676288603
816 4.43413606762886 -3.46413606762886
817 4.43363606762886 -3.4636360676288604
818 4.43313606762886 -3.4631360676288603
819 4.43263606762886 -3.4626360676288606
820 4.432136067628861 -3.4621360676288604
821 4.43163606762886 -3.4616360676288602
822 4.43113606762886 -3.4611360676288605
823 4.4306360676288605 -3.4606360676288603
824 4.43013606762886 -3.4601360676288606
825 4.429669152389873 -3.459338304779746
826 4.429214606935328 -3.4584292138706556
827 4.428760061480782 -3.4575201229615646
828 4.428305516026237 -3.4566110320524737
829 4.427850970571691 -3.4557019411433827
830 4.427396425117146 -3.4547928502342917
831 4.4269418796626 -3.4538837593252008
832 4.426487334208055 -3.4529746684161102
833 4.426032788753509 -3.4520655775070193
834 4.425578243298964 -3.4511564865979283
835 4.425123697844419 -3.4502473956888373
836 4.4246967482931945 -3.4496967482931944
837 4.42428011634334 -3.4492801163433406
838 4.423863484393486 -3.4488634843934864
839 4.423446852443632 -3.4484468524436327
840 4.423030220493779 -3.4480302204937785
841 4.422613588543925 -3.4476135885439247
842 4.42219695659407 -3.4471969565940705
843 4.421780324644216 -3.446780324644217
844 4.421363692694363 -3.4463636926943626
845 4.420947060744509 -3.445947060744509
846 4.420530428794655 -3.4455304287946547
847 4.4201137968448005 -3.445113796844801
848 4.419697139660517 -3.444697139660517
849 4.419280472993851 -3.4442804729938508
850 4.418863806327184 -3.443863806327184
851 4.418447139660517 -3.4434471396605173
852 4.418030472993851 -3.4430304729938506
853 4.417613806327184 -3.442613806327184
854 4.417197139660518 -3.442197139660517
855 4.4167804729938505 -3.441780472993851
856 4.416363806327184 -3.441363806327184
857 4.415947139660517 -3.4409471396605174
858 4.415530472993851 -3.4405304729938506
859 4.415113806327184 -3.440113806327184
860 4.414697139660517 -3.439697139660517
861 4.414280472993851 -3.439280472993851
862 4.413863806327184 -3.438863806327184
863 4.4134471396605175 -3.4384471396605174
864 4.413030472993851 -3.4380304729938507
865 4.412613806327184 -3.437613806327184
866 4.412197139660518 -3.437197139660517
867 4.411780472993851 -3.436780472993851
868 4.411363806327184 -3.436363806327184
869 4.410947139660517 -3.4359471396605175
870 4.410530472993851 -3.4355304729938507
871 4.4101138063271845 -3.435113806327184
872 4.409697139660517 -3.4346971396605173
873 4.409280472993851 -3.434280472993851
874 4.408863806327184 -3.4338638063271842
875 4.408447139660518 -3.4334471396605175
876 4.408030472993851 -3.433030472993851
877 4.407613806327184 -3.432613806327184
878 4.407197139660518 -3.4321971396605173
879 4.406780472993851 -3.431780472993851
880 4.406363806327184 -3.4313638063271843
881 4.405947139660517 -3.4309471396605176
882 4.405530472993851 -3.430530472993851
883 4.405113806327185 -3.430113806327184
884 4.4046971396605175 -3.429394279321035
885 4.404280472993851 -3.4285609459877016
886 4.403863806327184 -3.427727612654368
887 4.403447139660518 -3.4268942793210346
888 4.403030472993851 -3.4260609459877016
889 4.402613806327184 -3.425227612654368
890 4.402197139660518 -3.4243942793210347
891 4.401780472993851 -3.423560945987701
892 4.4013638063271845 -3.422727612654368
893 4.400947139660517 -3.4218942793210347
894 4.400530472993851 -3.4210609459877013
895 4.400113806327185 -3.420227612654368
896 4.39983481096103 -3.4198348109610297
897 4.399607548565581 -3.41960754856558
898 4.399380286170131 -3.4193802861701306
899 4.399153023774681 -3.419153023774681
900 4.398925761379232 -3.4189257613792314
901 4.398698498983782 -3.4186984989837814
902 4.398471236588332 -3.418471236588332
903 4.398243974192883 -3.4182439741928823
904 4.398016711797433 -3.4180167117974327
905 4.397789449401983 -3.4177894494019827
906 4.397562187006534 -3.417562187006533
907 4.3973349246110836 -3.4173349246110836
908 4.3971076622156335 -3.417107662215634
909 4.396880399820184 -3.416880399820184
910 4.396653137424734 -3.4166531374247344
911 4.396425875029284 -3.416425875029285
912 4.396198612633835 -3.4161986126338353
913 4.395971350238385 -3.4159713502383857
914 4.395744087842935 -3.4157440878429357
915 4.395516825447486 -3.415516825447486
916 4.395289563052036 -3.4152895630520366
917 4.395062300656586 -3.415062300656587
918 4.3948422033372125 -3.4146844066744264
919 4.394624812032865 -3.414249624065731
920 4.394407420728517 -3.413814841457035
921 4.39419002942417 -3.4133800588483396
922 4.393972638119822 -3.4129452762396437
923 4.3937552468154735 -3.4125104936309483
924 4.393537855511126 -3.4120757110222524
925 4.393320464206778 -3.411640928413557
926 4.39310307290243 -3.4112061458048615
927 4.392885681598083 -3.4107713631961656
928 4.392668290293734 -3.41033658058747
929 4.392450898989387 -3.4099017979787742
930 4.392233507685039 -3.409467015370079
931 4.392016116380691 -3.409032232761383
932 4.3917987250763435 -3.4085974501526874
933 4.391581333771995 -3.4081626675439916
934 4.391363942467648 -3.407727884935296
935 4.3911465511633 -3.4072931023266
936 4.390929159858952 -3.4068583197179048
937 4.390711768554604 -3.406423537109209
938 4.390494377250256 -3.4059887545005134
939 4.390276985945909 -3.4055539718918175
940 4.390059594641561 -3.405119189283122
941 4.389842210197142 -3.4046844203942843
942 4.389624828343494 -3.4042496566869884
943 4.389407446489846 -3.4038148929796925
944 4.389190064636198 -3.4033801292723966
945 4.38897268278255 -3.402945365565101
946 4.388755300928902 -3.4025106018578053
947 4.3885379190752545 -3.4020758381505094
948 4.388320537221607 -3.4016410744432135
949 4.388103155367959 -3.4012063107359176
950 4.387885773514311 -3.4007715470286217
951 4.387668391660663 -3.4003367833213263
952 4.387451009807015 -3.3999020196140304
953 4.387233627953367 -3.3994672559067345
954 4.387016246099719 -3.3990324921994386
955 4.386798864246071 -3.3985977284921427
956 4.386581482392423 -3.398162964784847
957 4.386364100538775 -3.3977282010775514
958 4.3861467186851275 -3.3972934373702555
959 4.385929336831479 -3.3968586736629596
960 4.385711954977832 -3.3964239099556637
961 4.385494573124184 -3.395989146248368
962 4.385277191270536 -3.395554382541072
963 4.385059809416888 -3.3951196188337764
964 4.384855044450528 -3.394855044450528
965 4.384655068447816 -3.394655068447816
966 4.384455092445104 -3.3944550924451042
967 4.384255116442392 -3.3942551164423924
968 4.38405514043968 -3.3940551404396806
969 4.3838551644369685 -3.3938551644369688
970 4.383655188434257 -3.393655188434257
971 4.383455212431545 -3.393455212431545
972 4.383255236428833 -3.3932552364288333
973 4.383055260426121 -3.3930552604261215
974 4.382855284423409 -3.3928552844234097
975 4.382655308420698 -3.392655308420698
976 4.382455332417986 -3.392455332417986
977 4.382255356415274 -3.392255356415274
978 4.382055380412562 -3.392055380412562
979 4.38185540440985 -3.39185540440985
980 4.3816554284071385 -3.3916554284071383
981 4.381455452404427 -3.3914554524044265
982 4.381255476401715 -3.3912554764017147
983 4.381055500399003 -3.391055500399003
984 4.380855524396291 -3.390855524396291
985 4.380655548393579 -3.390655548393579
986 4.380455572390868 -3.3904555723908674
987 4.380255596388156 -3.3902555963881555
988 4.380055620385443 -3.3900556203854437
989 4.3798556270599365 -3.3898556270599367
990 4.379655627059936 -3.3896556270599367
991 4.3794556270599365 -3.3894556270599367
992 4.379255627059936 -3.3892556270599368
993 4.379055627059937 -3.389055627059937
994 4.378855627059936 -3.3888556270599364
995 4.378655627059937 -3.3886556270599364
996 4.378455627059936 -3.3884556270599364
997 4.378255627059937 -3.3882556270599364
998 4.378055627059936 -3.3880556270599365
999 4.377855627059937 -3.3878556270599365
1000 4.377655627059936 -3.3876556270599365
1001 4.377455627059937 -3.3874556270599365
1002 4.377255627059936 -3.3872556270599365
1003 4.377055627059937 -3.3870556270599366
1004 4.376855627059936 -3.3868556270599366
1005 4.376655627059937 -3.3866556270599366
1006 4.376455627059936 -3.386455627059936
1007 4.376255627059937 -3.386255627059936
1008 4.3760556270599364 -3.3860556270599362
1009 4.375855627059937 -3.3858556270599363
1010 4.3756556270599365 -3.3856556270599363
1011 4.375455627059937 -3.3854556270599363
1012 4.3752556270599365 -3.3852556270599363
1013 4.375055627059936 -3.3850556270599363
1014 4.374861185203967 -3.384722370407934
1015 4.374668884907289 -3.3843377698145773
1016 4.37447658461061 -3.38395316922122
1017 4.374284284313932 -3.3835685686278634
1018 4.374091984017253 -3.383183968034506
1019 4.373899683720575 -3.3827993674411494
1020 4.373707383423897 -3.382414766847792
1021 4.373515083127217 -3.3820301662544354
1022 4.373322782830539 -3.381645565661078
1023 4.373130482533861 -3.3812609650677214
1024 4.372938182237182 -3.3808763644743642
1025 4.372745881940504 -3.3804917638810075
1026 4.3725535816438255 -3.3801071632876503
1027 4.372361281347147 -3.379722562694293
1028 4.372168981050468 -3.3793379621009363
1029 4.371976680753789 -3.378953361507579
1030 4.371784380457111 -3.3785687609142223
1031 4.371592080160433 -3.378184160320865
1032 4.371399779863754 -3.3777995597275083
1033 4.371207479567076 -3.377414959134151
1034 4.3710151792703975 -3.3770303585407944
1035 4.370822878973719 -3.376645757947437
1036 4.37063057867704 -3.3762611573540804
1037 4.3704382783803615 -3.375876556760723
1038 4.370245978083683 -3.3754919561673664
